Age Structured Assessment Program (ASAP) Version 3.0
Start time for run: Wed Aug 30 21:07:55 2023

obj_fun        = 9628.28

Component                Lambda          obj_fun
__Catch_Fleet_1               1          -92.8177
__Catch_Fleet_2               1          -67.8855
Catch_Fleet_Total             2          -160.703
Discard_Fleet_Total           0          0
__Index_Fit_1                 1          9.97548
__Index_Fit_2                 1          -3.10312
__Index_Fit_3                 1          8.09369
__Index_Fit_4                 1          11.4246
__Index_Fit_5                 1          13.3061
__Index_Fit_6                 1          17.4396
__Index_Fit_7                 1          -9.9753
__Index_Fit_8                 1          6.66216
Index_Fit_Total               8          53.8231
Catch_Age_Comps       see_below          4706.93
Discard_Age_Comps     see_below          0
Index_Age_Comps       see_below          5010.08
__Sel_Param_1                 0          0
__Sel_Param_2                 0          0
__Sel_Param_3                 0          0
__Sel_Param_4                 0          0
__Sel_Param_5                 0          0
__Sel_Param_6                 0          0
__Sel_Param_7                 0          0
__Sel_Param_8                 0          0
Sel_Params_Total              0          0
__Index_Sel_Param_1           0          0
__Index_Sel_Param_2           0          0
__Index_Sel_Param_3           0          -0
__Index_Sel_Param_9           0          0
__Index_Sel_Param_10          0          -0
__Index_Sel_Param_11          0          -0
__Index_Sel_Param_12          0          -0
__Index_Sel_Param_17          0          0
__Index_Sel_Param_18          0          -0
__Index_Sel_Param_25          0          -0
__Index_Sel_Param_26          0          0
__Index_Sel_Param_33          0          0
__Index_Sel_Param_34          0          0
__Index_Sel_Param_49          0          0
__Index_Sel_Param_57          0          0
__Index_Sel_Param_58          0          0
__Index_Sel_Param_59          0          -0
Index_Sel_Params_Total        0          0
q_year1_Total                 0          0
q_devs_Total                  0          0
__Fmult_year1_fleet_1         0          -0
__Fmult_year1_fleet_2         0          0
Fmult_year1_fleet_Total       0          0
Fmult_devs_fleet_Total        0          0
N_year_1                      0          0
Recruit_devs                  1          18.1532
SR_steepness                  0          0
SR_scaler                     0          0
Fmult_Max_penalty          1000          0
F_penalty                     0          0

 Input and Estimated effective sample sizes for fleet 1
1989  50  17.9523
1990  50  109.294
1991  50  48.4052
1992  50  23.4388
1993  50  52.1285
1994  50  34.4073
1995  50  11.055
1996  50  56.2549
1997  50  24.5817
1998  50  46.4514
1999  50  76.8559
2000  50  19.0023
2001  50  36.8082
2002  50  392.193
2003  50  24.9649
2004  50  112.837
2005  50  151.293
2006  50  23.722
2007  50  103.444
2008  50  5.90306
2009  50  22.7009
2010  50  182.852
2011  50  60.4564
2012  50  24.6165
2013  50  58.8016
2014  50  111.574
2015  50  80.3322
2016  50  131.007
2017  100  743.824
2018  50  15.7539
2019  25  5.833
 Total  1575  2808.74
 Input and Estimated effective sample sizes for fleet 2
1989  50  57.7789
1990  50  582.799
1991  50  256.268
1992  50  167.403
1993  50  33.5237
1994  50  15.0131
1995  50  61.4178
1996  50  50.0954
1997  50  41.4542
1998  50  51.0876
1999  50  105.935
2000  50  297.195
2001  50  80.86
2002  50  272.733
2003  50  64.722
2004  50  110.44
2005  50  276.305
2006  50  123.32
2007  50  35.2265
2008  50  249.703
2009  50  65.8203
2010  50  54.1661
2011  50  59.5422
2012  50  24.9575
2013  50  54.0957
2014  50  82.0739
2015  50  22.4791
2016  50  89.4633
2017  50  57.9599
2018  50  30.1961
2019  10  26.8042
 Total  1510  3500.84

 Input and Estimated effective Discard sample sizes for fleet 1
1989  0  0
1990  0  0
1991  0  0
1992  0  0
1993  0  0
1994  0  0
1995  0  0
1996  0  0
1997  0  0
1998  0  0
1999  0  0
2000  0  0
2001  0  0
2002  0  0
2003  0  0
2004  0  0
2005  0  0
2006  0  0
2007  0  0
2008  0  0
2009  0  0
2010  0  0
2011  0  0
2012  0  0
2013  0  0
2014  0  0
2015  0  0
2016  0  0
2017  0  0
2018  0  0
2019  0  0
 Total  0  0
 Input and Estimated effective Discard sample sizes for fleet 2
1989  0  0
1990  0  0
1991  0  0
1992  0  0
1993  0  0
1994  0  0
1995  0  0
1996  0  0
1997  0  0
1998  0  0
1999  0  0
2000  0  0
2001  0  0
2002  0  0
2003  0  0
2004  0  0
2005  0  0
2006  0  0
2007  0  0
2008  0  0
2009  0  0
2010  0  0
2011  0  0
2012  0  0
2013  0  0
2014  0  0
2015  0  0
2016  0  0
2017  0  0
2018  0  0
2019  0  0
 Total  0  0

Observed and predicted total fleet catch by year and standardized residual
 fleet 1 total catches
1989  191.1  191.023  0.00802305
1990  140.2  140.371  -0.0243304
1991  102.7  102.973  -0.0531452
1992  183.8  184.637  -0.0908737
1993  137  138.319  -0.191775
1994  109.9  110.299  -0.0724833
1995  115.1  115.301  -0.0349484
1996  222.3  224.068  -0.15857
1997  218.6  220.493  -0.172537
1998  138.4  138.674  -0.0396348
1999  170  170.297  -0.0349346
2000  111.3  111.202  0.0176436
2001  439.7  439.402  0.013565
2002  295.7  296.386  -0.0463546
2003  225.5  225.85  -0.0310298
2004  372.8  373.184  -0.0206217
2005  235.9  236.167  -0.0226118
2006  229.7  229.894  -0.016883
2007  279.7  279.83  -0.00926628
2008  172.4  172.423  -0.00262653
2009  220.9  220.54  0.032639
2010  211.2  210.956  0.0231351
2011  270.1  269.822  0.020611
2012  307.3  306.716  0.0380646
2013  472.4  471.649  0.0318564
2014  776  774.5  0.0387197
2015  872.3  870.453  0.0424197
2016  1222.6  1219.75  0.0467757
2017  1932  1925.2  0.0705419
2018  1483.2  1477.93  0.0712414
2019  1631.7  1629  0.0331572
 fleet 2 total catches
1989  708.5  704.538  0.0562152
1990  412.4  416.452  -0.0980222
1991  275  282.26  -0.261217
1992  131.4  132.185  -0.0597376
1993  219.7  230.22  -0.468886
1994  197.8  204.346  -0.326391
1995  148.8  149.817  -0.0683146
1996  168  171.302  -0.195114
1997  232.7  240.797  -0.342892
1998  248.9  252.123  -0.128969
1999  531.5  538.348  -0.128346
2000  807.5  797.572  0.124021
2001  999.4  1002.43  -0.0303328
2002  1558  1612.28  -0.34331
2003  989.3  1013.46  -0.241863
2004  712.8  719.388  -0.0922258
2005  923.4  937.073  -0.147348
2006  1113.8  1129.21  -0.137712
2007  1137.2  1142.38  -0.0455991
2008  1073.1  1072.07  0.00959826
2009  1713.1  1665.02  0.285407
2010  2854.4  2711.84  0.513602
2011  1406.3  1378.31  0.201551
2012  3009.5  2855.13  0.527896
2013  2728.2  2626.75  0.379902
2014  3849.3  3735.89  0.299807
2015  5078.5  4676.8  0.552417
2016  6990.4  6003.46  0.768529
2017  6098.4  5591.59  0.581645
2018  4179.6  3850.11  0.550487
2019  4736.2  4609.81  0.271153
Observed and predicted total fleet Discards by year and standardized residual
 fleet 1 total Discards
1989  0  0  0
1990  0  0  0
1991  0  0  0
1992  0  0  0
1993  0  0  0
1994  0  0  0
1995  0  0  0
1996  0  0  0
1997  0  0  0
1998  0  0  0
1999  0  0  0
2000  0  0  0
2001  0  0  0
2002  0  0  0
2003  0  0  0
2004  0  0  0
2005  0  0  0
2006  0  0  0
2007  0  0  0
2008  0  0  0
2009  0  0  0
2010  0  0  0
2011  0  0  0
2012  0  0  0
2013  0  0  0
2014  0  0  0
2015  0  0  0
2016  0  0  0
2017  0  0  0
2018  0  0  0
2019  0  0  0
 fleet 2 total Discards
1989  0  0  0
1990  0  0  0
1991  0  0  0
1992  0  0  0
1993  0  0  0
1994  0  0  0
1995  0  0  0
1996  0  0  0
1997  0  0  0
1998  0  0  0
1999  0  0  0
2000  0  0  0
2001  0  0  0
2002  0  0  0
2003  0  0  0
2004  0  0  0
2005  0  0  0
2006  0  0  0
2007  0  0  0
2008  0  0  0
2009  0  0  0
2010  0  0  0
2011  0  0  0
2012  0  0  0
2013  0  0  0
2014  0  0  0
2015  0  0  0
2016  0  0  0
2017  0  0  0
2018  0  0  0
2019  0  0  0

Index data
index number 1
aggregate units = 2
proportions units = 2
month = 4
starting and ending ages for selectivity = 1  8
selectivity choice = -1
 year, obs index, pred index, standardized residual
1989  43  182.914  -2.16724
1990  91  128.37  -0.515019
1991  61  123.171  -1.05187
1992  86  123.123  -0.537146
1993  86  114.122  -0.423498
1994  245  118.762  1.08396
1995  300  155.201  0.986553
1996  42  200.012  -2.33622
1997  1115  250.382  2.2358
1999  206  438.529  -1.13098
2000  313  577.896  -0.917885
2001  966  606.267  0.69732
2002  1221  593.666  1.07943
2003  1122  529.275  1.12471
2004  595  467.925  0.359634
2005  1983  469.51  2.15655
2006  421  659.046  -0.670851
2007  2653  837.159  1.72657
2008  349  1086.4  -1.69982
index number 2
aggregate units = 2
proportions units = 2
month = 4
starting and ending ages for selectivity = 1  8
selectivity choice = -1
 year, obs index, pred index, standardized residual
2008  0.751  0.564912  0.663068
2009  0.916  0.709671  0.594323
2010  0.573  0.802352  -0.783991
2011  1.379  0.917707  0.948335
2012  1.26  1.65047  -0.628631
2013  3.056  2.34138  0.620293
2014  3.473  2.59268  0.680744
2015  1.931  2.30709  -0.41439
2016  4.575  1.9818  1.94821
2017  0.717  1.78384  -2.1225
2018  1.473  1.51952  -0.0724009
2019  0.643  1.18979  -1.43306
index number 3
aggregate units = 2
proportions units = 2
month = 5
starting and ending ages for selectivity = 1  8
selectivity choice = -1
 year, obs index, pred index, standardized residual
1989  0.5  0.424785  0.274615
1990  1.18  0.315648  2.22126
1992  0.12  0.23573  -1.13737
1993  0.17  0.242799  -0.60042
1994  0.32  0.215731  0.664179
1995  0.56  0.245074  1.39203
1996  0.24  0.345408  -0.613306
1997  0.53  0.454093  0.260383
1998  0.37  0.604337  -0.826468
1999  0.55  0.813867  -0.660121
2000  5.54  1.10119  2.72149
2001  1.78  1.48491  0.305331
2002  2.33  1.50658  0.73449
2003  1.1  1.43724  -0.450463
2004  1.73  1.48095  0.261841
2005  0.82  1.28017  -0.750349
2006  0.74  1.235  -0.862763
2007  2.53  1.67545  0.694248
2008  2.82  2.41734  0.259531
2009  2.1  3.06399  -0.636373
2010  3.51  3.74288  -0.108212
2011  0.45  4.11048  -3.72621
2012  8.36  4.96654  0.877179
2013  4.654  9.65667  -1.22956
2014  14.571  15.256  -0.0773863
2015  3.559  12.1101  -2.06278
2016  15.701  8.90904  0.954538
2017  19.395  8.13582  1.46339
2018  20.451  8.56148  1.4668
2019  3.693  5.97161  -0.809536
index number 4
aggregate units = 2
proportions units = 2
month = 5
starting and ending ages for selectivity = 1  8
selectivity choice = -1
 year, obs index, pred index, standardized residual
1991  0.07  0.0185724  1.79929
1995  0.06  0.0225479  1.32722
1996  0.1  0.0286794  1.69375
1997  0.11  0.0370304  1.47644
1999  0.05  0.0674043  -0.405046
2000  0.3  0.0851601  1.70766
2001  0.09  0.0925126  -0.0373399
2002  0.09  0.096908  -0.100286
2004  0.13  0.0815918  0.631677
2005  0.02  0.0805445  -1.88914
2006  0.08  0.103439  -0.348459
2007  0.1  0.122209  -0.271986
2008  0.14  0.173135  -0.288077
2009  0.06  0.202357  -1.64859
2010  0.03  0.22838  -2.75262
2011  0.08  0.271607  -1.6576
2012  0.23  0.581357  -1.25749
2013  0.24  0.589554  -1.21876
2014  0.55  0.748987  -0.418766
2015  0.94  0.605402  0.596665
2016  1.11  0.557992  0.932681
2017  0.49  0.452684  0.107419
2018  0.59  0.407849  0.500704
2019  1  0.325842  1.52065
index number 5
aggregate units = 2
proportions units = 2
month = 5
starting and ending ages for selectivity = 1  8
selectivity choice = -1
 year, obs index, pred index, standardized residual
1989  0.21  0.23225  -0.150746
1990  0.28  0.172912  0.721513
1991  0.16  0.130965  0.299742
1992  0.04  0.132918  -1.79755
1993  0.17  0.135471  0.339858
1994  0.33  0.123886  1.46655
1995  0.15  0.14448  0.0561236
1996  0.3  0.199328  0.611977
1997  0.25  0.260794  -0.063276
1998  0.11  0.341869  -1.69741
1999  0.22  0.468316  -1.13093
2000  0.53  0.626192  -0.249653
2001  0.94  0.81179  0.219503
2002  2.9  0.826211  1.87953
2003  0.7  0.776948  -0.156117
2004  0.78  0.792128  -0.0230965
2005  0.28  0.698793  -1.36901
2006  0.1  0.711787  -2.93783
2007  0.75  0.942672  -0.34226
2008  0.43  1.35177  -1.71453
2009  1.17  1.69065  -0.551022
2010  1.36  2.03612  -0.604093
2011  0.67  2.26394  -1.8226
2012  2.04  3.09492  -0.623925
2013  3.75  5.28764  -0.514358
2014  14.4  8.0224  0.875672
2015  14.35  6.37843  1.21373
2016  13.68  4.85418  1.55093
2017  15.55  4.3692  1.90029
2018  17.14  4.48568  2.00663
2019  18.15  3.18197  2.60636
index number 6
aggregate units = 2
proportions units = 2
month = 5
starting and ending ages for selectivity = 1  1
selectivity choice = -1
 year, obs index, pred index, standardized residual
1991  0.094  0.0165928  2.25156
1994  0.019  0.0157146  0.246468
1995  0.012  0.0229315  -0.84074
1996  0.012  0.0254144  -0.974207
1997  0.042  0.0326093  0.328547
1999  0.111  0.0619297  0.757559
2000  0.07  0.0683135  0.0316616
2001  0.011  0.045925  -1.85533
2002  0.337  0.0569841  2.30737
2004  0.021  0.0278685  -0.367369
2006  0.083  0.0975637  -0.209879
2007  0.095  0.0872217  0.1109
2009  0.031  0.121011  -1.76805
2010  0.013  0.112487  -2.80144
2012  1.485  0.754385  0.879251
2014  0.122  0.106492  0.176496
2015  0.011  0.119158  -3.09311
2016  1.25  0.326648  1.74225
2017  0.277  0.138258  0.902133
2018  0.033  0.0299585  0.125532
2019  0.593  0.122219  2.0504
index number 7
aggregate units = 2
proportions units = 2
month = 7
starting and ending ages for selectivity = 1  8
selectivity choice = -1
 year, obs index, pred index, standardized residual
1989  0.42  0.191403  1.83008
1990  0.119  0.12748  -0.160302
1991  0.192  0.119172  1.11063
1992  0.195  0.129274  0.957251
1993  0.128  0.115281  0.24371
1994  0.187  0.115831  1.1154
1995  0.339  0.154599  1.82842
1996  0.362  0.206295  1.30953
1997  0.261  0.255131  0.0529597
1998  0.204  0.332349  -1.13657
1999  0.782  0.44309  1.3229
2000  0.739  0.625136  0.389663
2001  0.579  0.679319  -0.372102
2002  0.76  0.620548  0.472067
2003  0.555  0.611504  -0.225777
2004  0.403  0.5253  -0.617184
2005  0.288  0.497081  -1.27099
2006  0.673  0.659206  0.048227
2007  0.765  0.933701  -0.464067
2008  0.793  1.16554  -0.89682
2009  1.353  1.46153  -0.179688
2010  1.349  1.57026  -0.353685
2011  0.842  1.76971  -1.72974
2012  2.793  3.4187  -0.470736
2013  2.424  5.71125  -1.99575
2014  2.452  4.6714  -1.67307
2015  2.246  3.50488  -1.03629
2016  3.173  3.22081  -0.0348251
2017  3.577  3.44535  0.087326
2018  3.037  2.58952  0.37119
2019  3.508  1.71237  1.67008
index number 8
aggregate units = 2
proportions units = 2
month = 4
starting and ending ages for selectivity = 1  8
selectivity choice = -1
 year, obs index, pred index, standardized residual
2009  4283  2220.11  0.934242
2010  1730  2360.8  -0.441998
2011  1600  2758.28  -0.774303
2012  6409  6522.92  -0.0250502
2013  3222  7721.89  -1.24271
2014  15308  6372.87  1.24594
2015  2606  4955.04  -0.913615
2016  11383  5165.84  1.12328
2017  10712  4848.54  1.12702
2018  423  3505.14  -3.0065
2019  10923  2725.55  1.97371

Input effective sample sizes by index (row=index, column=year)
 0 0 0 10 0 10 10 0 10 0 10 10 10 10 10 10 10 10 10 10 0 0 0 0 0 0 0 0 0 0 0
 0 0 0 0 0 0 0 0 0 0 0 0 0 0 0 0 0 0 0 60 60 60 60 60 60 60 60 60 60 60 60
 20 20 0 20 20 20 20 20 20 20 20 20 20 20 20 20 20 20 20 20 20 20 20 20 20 20 20 20 20 20 20
 0 0 5 0 0 0 5 5 5 0 5 5 5 5 0 5 5 5 5 5 5 5 5 5 5 5 5 5 5 5 5
 20 20 20 20 20 20 20 20 20 20 20 20 20 20 20 20 20 20 20 20 20 20 20 20 20 20 20 20 20 20 20
 0 0 0 0 0 0 0 0 0 0 0 0 0 0 0 0 0 0 0 0 0 0 0 0 0 0 0 0 0 0 0
 35 35 35 35 35 35 35 35 35 35 35 35 35 35 35 35 35 35 35 35 35 35 35 35 35 35 35 35 35 35 35
 0 0 0 0 0 0 0 0 0 0 0 0 0 0 0 0 0 0 0 0 20 20 20 20 20 20 20 20 20 20 5
Estimated effective sample sizes by index (row=index, column=year)
 0 0 0 18.0535 0 3.47009 10.2266 0 3.64224 0 2.69308 5.37265 10.5894 14.5394 15.9766 4.03002 1.67877 6.82227 3.82394 2.72038 0 0 0 0 0 0 0 0 0 0 0
 0 0 0 0 0 0 0 0 0 0 0 0 0 0 0 0 0 0 0 80.8385 5.88158 24.2373 124.243 54.3095 207.117 38.4924 126.25 22.2263 34.4517 19.1909 106.68
 14.3439 59.9858 0 9.80922 15.8607 8.2659 65.2269 6.13669 52.1429 13.5081 20.7292 201.214 22.4243 19.541 7.83979 95.0828 48.5005 20.5307 7.92896 14.7979 34.8164 51.0958 51.2205 52.5894 112.662 58.2824 21.2502 16.8432 6.61407 12.7102 26.7141
 0 0 4.16297 0 0 0 1.22428 2.10579 5.67201 0 12.1134 1.53547 5.85582 1.43736 0 8.56631 3.30104 7.19403 10.9815 1.26045 5.45718 7.47397 5.02486 15.7615 38.5157 73.1306 44.436 25.332 7.45282 52.2601 8.00296
 11.9325 38.4671 1.62628 3.43966 10.385 14.2117 12.2188 31.3442 12.1186 3.73809 88.798 7.33628 27.3802 10.2293 11.2819 116.007 5.53896 13.9443 12.9735 6.52506 7.99048 83.1688 39.2511 18.2236 22.3921 70.8565 12.8481 6.14373 6.51113 22.0618 17.8489
 0 0 0 0 0 0 0 0 0 0 0 0 0 0 0 0 0 0 0 0 0 0 0 0 0 0 0 0 0 0 0
 12.8052 322.498 119.438 562.045 21.6591 36.0654 9.65592 27.1339 17.6417 153.435 6.22094 126.956 52.5681 38.0093 84.8969 27.0379 28.4905 341.428 76.3652 36.6904 98.5171 16.5767 27.5843 10.1631 23.4167 2189.43 57.3817 721.969 795.007 57.9994 11.5036
 0 0 0 0 0 0 0 0 0 0 0 0 0 0 0 0 0 0 0 0 5.21147 13.385 16.5199 223.716 62.7297 12.346 12.5363 5.61976 29.1087 10.367 5.41454

Index proportions at age by index
 Index number 1
Year 1989 Obs  =  0 0 0 0 0 0 0 0
Year 1989 Pred =  0.212553 0.452926 0.216271 0.0717563 0.0263757 0.0157124 0.00332502 0.00108106
Year 1990 Obs  =  0 0 0 0 0 0 0 0
Year 1990 Pred =  0.274808 0.313802 0.304373 0.0732546 0.0207357 0.00740463 0.00439142 0.00123059
Year 1991 Obs  =  0 0 0 0 0 0 0 0
Year 1991 Pred =  0.42104 0.303261 0.164951 0.0849561 0.017802 0.0049145 0.00174821 0.00132655
Year 1992 Obs  =  0.218218 0.60961 0.138138 0.034034 0 0 0 0
Year 1992 Pred =  0.316052 0.44691 0.159251 0.0487974 0.0223524 0.004586 0.00126195 0.000789129
Year 1993 Obs  =  0 0 0 0 0 0 0 0
Year 1993 Pred =  0.321512 0.361721 0.245296 0.0494959 0.0138599 0.00625958 0.00128167 0.000573044
Year 1994 Obs  =  0.451 0.041 0.508 0 0 0 0 0
Year 1994 Pred =  0.41362 0.327208 0.176382 0.0657935 0.0118459 0.00325277 0.00146474 0.000433804
Year 1995 Obs  =  0.571 0.143 0.143 0.143 0 0 0 0
Year 1995 Pred =  0.46106 0.344677 0.136001 0.0410946 0.0137005 0.00241884 0.000662225 0.000386345
Year 1996 Obs  =  0 0 0 0 0 0 0 0
Year 1996 Pred =  0.396521 0.393929 0.15645 0.0380652 0.0106464 0.003503 0.000617245 0.000267494
Year 1997 Obs  =  0.0569431 0.55045 0.337662 0.046953 0.00699301 0.000999001 0 0
Year 1997 Pred =  0.406319 0.351046 0.183706 0.0448035 0.0101602 0.00281004 0.000923091 0.000233085
Year 1998 Obs  =  0 0 0 0 0 0 0 0
Year 1998 Pred =  0 0 0 0 0 0 0 0
Year 1999 Obs  =  0.252252 0 0.495495 0.252252 0 0 0 0
Year 1999 Pred =  0.439867 0.291658 0.186569 0.058539 0.0180399 0.00406348 0.000909558 0.00035435
Year 2000 Obs  =  0.676 0.234 0.09 0 0 0 0 0
Year 2000 Pred =  0.3681 0.389849 0.153051 0.0632839 0.0184441 0.00561676 0.00126299 0.000392737
Year 2001 Obs  =  0.0519481 0.584416 0.227772 0.0839161 0.0519481 0 0 0
Year 2001 Pred =  0.235943 0.407207 0.253611 0.0667911 0.0259985 0.00749844 0.00227989 0.000671909
Year 2002 Obs  =  0.385 0.108 0.247 0.226 0.034 0 0 0
Year 2002 Pred =  0.29915 0.277638 0.275855 0.107304 0.0260305 0.0100078 0.00288143 0.00113399
Year 2003 Obs  =  0.338 0.45 0.102 0.037 0.073 0 0 0
Year 2003 Pred =  0.194862 0.39176 0.212969 0.134544 0.0481573 0.0115172 0.0044185 0.00177224
Year 2004 Obs  =  0.544 0.327 0.129 0 0 0 0 0
Year 2004 Pred =  0.185299 0.261657 0.323484 0.121362 0.0728512 0.0258522 0.00617482 0.00331845
Year 2005 Obs  =  0.918 0.02 0 0.062 0 0 0 0
Year 2005 Pred =  0.305271 0.219927 0.193859 0.167536 0.0601532 0.035868 0.0127162 0.00466889
Year 2006 Obs  =  0.306306 0.508509 0 0.0970971 0.0880881 0 0 0
Year 2006 Pred =  0.460904 0.25671 0.114189 0.0706139 0.0583808 0.0208055 0.012392 0.00600533
Year 2007 Obs  =  0.042042 0.740741 0.17017 0.047047 0 0 0 0
Year 2007 Pred =  0.324339 0.426855 0.1443 0.0438178 0.0256301 0.0209871 0.00746843 0.0066025
Year 2008 Obs  =  0 0.424 0.576 0 0 0 0 0
Year 2008 Pred =  0.364309 0.297824 0.242967 0.0564063 0.0162315 0.00940925 0.00769445 0.00515771
Year 2009 Obs  =  0 0 0 0 0 0 0 0
Year 2009 Pred =  0 0 0 0 0 0 0 0
Year 2010 Obs  =  0 0 0 0 0 0 0 0
Year 2010 Pred =  0 0 0 0 0 0 0 0
Year 2011 Obs  =  0 0 0 0 0 0 0 0
Year 2011 Pred =  0 0 0 0 0 0 0 0
Year 2012 Obs  =  0 0 0 0 0 0 0 0
Year 2012 Pred =  0 0 0 0 0 0 0 0
Year 2013 Obs  =  0 0 0 0 0 0 0 0
Year 2013 Pred =  0 0 0 0 0 0 0 0
Year 2014 Obs  =  0 0 0 0 0 0 0 0
Year 2014 Pred =  0 0 0 0 0 0 0 0
Year 2015 Obs  =  0 0 0 0 0 0 0 0
Year 2015 Pred =  0 0 0 0 0 0 0 0
Year 2016 Obs  =  0 0 0 0 0 0 0 0
Year 2016 Pred =  0 0 0 0 0 0 0 0
Year 2017 Obs  =  0 0 0 0 0 0 0 0
Year 2017 Pred =  0 0 0 0 0 0 0 0
Year 2018 Obs  =  0 0 0 0 0 0 0 0
Year 2018 Pred =  0 0 0 0 0 0 0 0
Year 2019 Obs  =  0 0 0 0 0 0 0 0
Year 2019 Pred =  0 0 0 0 0 0 0 0
 Index number 2
Year 1989 Obs  =  0 0 0 0 0 0 0 0
Year 1989 Pred =  0 0 0 0 0 0 0 0
Year 1990 Obs  =  0 0 0 0 0 0 0 0
Year 1990 Pred =  0 0 0 0 0 0 0 0
Year 1991 Obs  =  0 0 0 0 0 0 0 0
Year 1991 Pred =  0 0 0 0 0 0 0 0
Year 1992 Obs  =  0 0 0 0 0 0 0 0
Year 1992 Pred =  0 0 0 0 0 0 0 0
Year 1993 Obs  =  0 0 0 0 0 0 0 0
Year 1993 Pred =  0 0 0 0 0 0 0 0
Year 1994 Obs  =  0 0 0 0 0 0 0 0
Year 1994 Pred =  0 0 0 0 0 0 0 0
Year 1995 Obs  =  0 0 0 0 0 0 0 0
Year 1995 Pred =  0 0 0 0 0 0 0 0
Year 1996 Obs  =  0 0 0 0 0 0 0 0
Year 1996 Pred =  0 0 0 0 0 0 0 0
Year 1997 Obs  =  0 0 0 0 0 0 0 0
Year 1997 Pred =  0 0 0 0 0 0 0 0
Year 1998 Obs  =  0 0 0 0 0 0 0 0
Year 1998 Pred =  0 0 0 0 0 0 0 0
Year 1999 Obs  =  0 0 0 0 0 0 0 0
Year 1999 Pred =  0 0 0 0 0 0 0 0
Year 2000 Obs  =  0 0 0 0 0 0 0 0
Year 2000 Pred =  0 0 0 0 0 0 0 0
Year 2001 Obs  =  0 0 0 0 0 0 0 0
Year 2001 Pred =  0 0 0 0 0 0 0 0
Year 2002 Obs  =  0 0 0 0 0 0 0 0
Year 2002 Pred =  0 0 0 0 0 0 0 0
Year 2003 Obs  =  0 0 0 0 0 0 0 0
Year 2003 Pred =  0 0 0 0 0 0 0 0
Year 2004 Obs  =  0 0 0 0 0 0 0 0
Year 2004 Pred =  0 0 0 0 0 0 0 0
Year 2005 Obs  =  0 0 0 0 0 0 0 0
Year 2005 Pred =  0 0 0 0 0 0 0 0
Year 2006 Obs  =  0 0 0 0 0 0 0 0
Year 2006 Pred =  0 0 0 0 0 0 0 0
Year 2007 Obs  =  0 0 0 0 0 0 0 0
Year 2007 Pred =  0 0 0 0 0 0 0 0
Year 2008 Obs  =  0.202397 0.234354 0.288948 0.166445 0.0372836 0.0199734 0.0186418 0.0319574
Year 2008 Pred =  0.221858 0.282342 0.328095 0.0996806 0.0286842 0.0166279 0.0135976 0.00911465
Year 2009 Obs  =  0.486339 0.202186 0.177049 0.104918 0.0174863 0 0 0.0120219
Year 2009 Pred =  0.167965 0.331121 0.245582 0.18647 0.0411663 0.0117001 0.00676344 0.00923219
Year 2010 Obs  =  0.158261 0.153043 0.306087 0.278261 0.0730435 0.0104348 0.0104348 0.0104348
Year 2010 Pred =  0.13813 0.278068 0.32248 0.154592 0.0795563 0.0164259 0.00456022 0.00618772
Year 2011 Obs  =  0.160986 0.243655 0.232777 0.182016 0.119652 0.0304569 0.0304569 0
Year 2011 Pred =  0.184634 0.227402 0.27223 0.206506 0.066768 0.0318895 0.00641097 0.00415874
Year 2012 Obs  =  0.531746 0.245238 0.119048 0.0809524 0.0230159 0 0 0
Year 2012 Pred =  0.450125 0.194049 0.14376 0.116677 0.0632689 0.0197359 0.00930951 0.00307385
Year 2013 Obs  =  0.0716623 0.626636 0.116492 0.091623 0.0500654 0.0265052 0.00850785 0.00850785
Year 2013 Pred =  0.0911889 0.599404 0.154993 0.0769523 0.0437103 0.0225363 0.00690555 0.00430979
Year 2014 Obs  =  0.00662442 0.131624 0.72379 0.061924 0.0434908 0.0129608 0.0129608 0.00662442
Year 2014 Pred =  0.0404377 0.156016 0.619151 0.108821 0.0385214 0.0210454 0.0107028 0.00530381
Year 2015 Obs  =  0.0217504 0.0367685 0.200932 0.562403 0.0958053 0.0523045 0.0170896 0.0129467
Year 2015 Pred =  0.0508475 0.0861883 0.201346 0.546584 0.0690208 0.0236103 0.0127448 0.00965796
Year 2016 Obs  =  0.0175208 0.147832 0.222076 0.20127 0.379982 0.0229961 0.0021901 0.00613228
Year 2016 Pred =  0.162289 0.11206 0.114576 0.182779 0.356247 0.0434678 0.0146917 0.0138884
Year 2017 Obs  =  0.0055788 0.440725 0.198047 0.112971 0.0794979 0.146444 0.0167364 0
Year 2017 Pred =  0.0763308 0.339531 0.139346 0.0953963 0.107754 0.201538 0.0242396 0.0158657
Year 2018 Obs  =  0.00181159 0.317029 0.342391 0.177536 0.0380435 0.0525362 0.067029 0.00362319
Year 2018 Pred =  0.0194149 0.168665 0.442815 0.118416 0.0564165 0.0606645 0.111532 0.0220769
Year 2019 Obs  =  0.0358255 0.0373832 0.280374 0.419003 0.0654206 0.0436137 0.0373832 0.0809969
Year 2019 Pred =  0.10122 0.0463255 0.234211 0.397638 0.073872 0.0335346 0.0354658 0.0777338
 Index number 3
Year 1989 Obs  =  0 0.523477 0.311688 0.115884 0.034965 0.00899101 0.003996 0.000999001
Year 1989 Pred =  0.0118323 0.338816 0.422483 0.137846 0.0505128 0.0300768 0.00636435 0.00206921
Year 1990 Obs  =  0.027 0.206 0.481 0.174 0.061 0.024 0.02 0.007
Year 1990 Pred =  0.0144606 0.222609 0.566736 0.134417 0.0379473 0.0135453 0.00803271 0.00225096
Year 1991 Obs  =  0 0 0 0 0 0 0 0
Year 1991 Pred =  0 0 0 0 0 0 0 0
Year 1992 Obs  =  0 0.596 0.209 0.153 0.037 0.004 0.001 0
Year 1992 Pred =  0.0213851 0.408211 0.38446 0.116713 0.0533837 0.0109503 0.00301315 0.0018842
Year 1993 Obs  =  0 0.136 0.502 0.189 0.08 0.049 0.034 0.01
Year 1993 Pred =  0.0195659 0.297045 0.530703 0.105812 0.0295684 0.0133499 0.0027333 0.00122207
Year 1994 Obs  =  0 0.136136 0.363363 0.342342 0.127127 0.023023 0.00700701 0.001001
Year 1994 Pred =  0.0294851 0.315077 0.447835 0.165056 0.0296552 0.00814042 0.00366551 0.00108558
Year 1995 Obs  =  0.0500501 0.469469 0.386386 0.0760761 0.016016 0.002002 0 0
Year 1995 Pred =  0.0378745 0.385209 0.404933 0.121358 0.0404025 0.00713163 0.00195242 0.00113904
Year 1996 Obs  =  0.133133 0.189189 0.282282 0.252252 0.107107 0.025025 0.00900901 0.002002
Year 1996 Pred =  0.0297825 0.40194 0.425108 0.102669 0.0286815 0.00943546 0.00166253 0.000720485
Year 1997 Obs  =  0.040959 0.405594 0.388611 0.12987 0.02997 0.003996 0.000999001 0
Year 1997 Pred =  0.0290676 0.341863 0.477193 0.115506 0.0261605 0.00723392 0.00237626 0.000600013
Year 1998 Obs  =  0 0.535465 0.340659 0.0909091 0.025974 0.004995 0.001998 0
Year 1998 Pred =  0.02356 0.347698 0.442119 0.143806 0.03265 0.00731631 0.00201992 0.000830865
Year 1999 Obs  =  0 0.163836 0.464535 0.277722 0.0759241 0.012987 0.003996 0.000999001
Year 1999 Pred =  0.0308006 0.280262 0.479953 0.149418 0.0459879 0.0103569 0.00231819 0.000903125
Year 2000 Obs  =  0.031 0.393 0.337 0.151 0.054 0.018 0.012 0.004
Year 2000 Pred =  0.0251106 0.365631 0.386174 0.158677 0.0461955 0.0140655 0.0031627 0.000983464
Year 2001 Obs  =  0 0.149149 0.522523 0.202202 0.0670671 0.03003 0.022022 0.00700701
Year 2001 Pred =  0.0125188 0.296267 0.492531 0.1286 0.0499928 0.0144162 0.00438312 0.00129175
Year 2002 Obs  =  0.0620621 0.217217 0.351351 0.203203 0.1001 0.038038 0.022022 0.00600601
Year 2002 Pred =  0.01531 0.194641 0.516643 0.199179 0.048244 0.0185438 0.00533892 0.00210113
Year 2003 Obs  =  0 0.022977 0.316683 0.388611 0.178821 0.0569431 0.027972 0.00799201
Year 2003 Pred =  0.00933139 0.258256 0.378386 0.23775 0.0850191 0.0203301 0.00779939 0.00312829
Year 2004 Obs  =  0 0.202202 0.52953 0.16016 0.0640641 0.025025 0.015015 0.004004
Year 2004 Pred =  0.00761707 0.148274 0.494752 0.184761 0.11083 0.0393255 0.00939281 0.00504784
Year 2005 Obs  =  0 0.066 0.296 0.346 0.169 0.066 0.043 0.014
Year 2005 Pred =  0.0145632 0.144603 0.344308 0.296196 0.106265 0.0633562 0.0224611 0.00824683
Year 2006 Obs  =  0.086 0.373 0.182 0.112 0.109 0.067 0.053 0.018
Year 2006 Pred =  0.0319768 0.245013 0.293496 0.180436 0.149025 0.0531006 0.0316267 0.0153267
Year 2007 Obs  =  0 0.655 0.259 0.045 0.018 0.011 0.009 0.003
Year 2007 Pred =  0.021072 0.381604 0.34736 0.104871 0.061282 0.0501732 0.0178542 0.015784
Year 2008 Obs  =  0.022977 0.0999001 0.677323 0.13986 0.00599401 0.00699301 0.046953 0
Year 2008 Pred =  0.0213042 0.240417 0.531463 0.12296 0.035362 0.0204971 0.0167614 0.0112354
Year 2009 Obs  =  0.02997 0.171828 0.344655 0.258741 0.10989 0.043956 0.030969 0.00999001
Year 2009 Pred =  0.0159863 0.279844 0.394624 0.226526 0.0496857 0.0140885 0.00813869 0.0111075
Year 2010 Obs  =  0.005 0.3 0.468 0.095 0.105 0.019 0 0.008
Year 2010 Pred =  0.0121649 0.217362 0.478791 0.173166 0.0884145 0.0182029 0.00504948 0.00685014
Year 2011 Obs  =  0 0.123123 0.520521 0.226226 0.0780781 0.028028 0.018018 0.00600601
Year 2011 Pred =  0.0169481 0.185628 0.424155 0.244464 0.078775 0.0375788 0.00755214 0.00489857
Year 2012 Obs  =  0.024024 0.261261 0.261261 0.291291 0.114114 0.035035 0.01001 0.003003
Year 2012 Pred =  0.0614825 0.235531 0.332416 0.20442 0.110281 0.034337 0.0161884 0.00534441
Year 2013 Obs  =  0.009 0.596 0.237 0.076 0.056 0.013 0.013 0
Year 2013 Pred =  0.00908954 0.531198 0.26201 0.098752 0.0558736 0.028767 0.00881121 0.00549855
Year 2014 Obs  =  0 0.0670671 0.674675 0.139139 0.029029 0.047047 0.033033 0.01001
Year 2014 Pred =  0.00282546 0.0969436 0.734347 0.0980608 0.0345944 0.0188768 0.00959667 0.00475522
Year 2015 Obs  =  0 0.010989 0.400599 0.463536 0.0949051 0.00699301 0.014985 0.00799201
Year 2015 Pred =  0.00398278 0.0600404 0.267787 0.552386 0.0695211 0.0237529 0.0128175 0.00971213
Year 2016 Obs  =  0.02002 0.207207 0.183183 0.258258 0.25025 0.0660661 0.00700701 0.00800801
Year 2016 Pred =  0.014841 0.0910903 0.17755 0.21496 0.4173 0.0508443 0.0171779 0.0162369
Year 2017 Obs  =  0.003003 0.0960961 0.0680681 0.155155 0.187187 0.48048 0.001001 0.00900901
Year 2017 Pred =  0.00687865 0.271665 0.211838 0.109835 0.123451 0.230491 0.0277081 0.0181336
Year 2018 Obs  =  0 0.19 0.719 0.055 0.016 0.007 0.013 0
Year 2018 Pred =  0.00141639 0.109294 0.545796 0.110642 0.0524795 0.0563419 0.103538 0.0204922
Year 2019 Obs  =  0.0109946 0.13168 0.281002 0.498849 0.0153413 0.0178982 0.0253132 0.018921
Year 2019 Pred =  0.0082844 0.0336053 0.321276 0.411075 0.0757741 0.0343022 0.036249 0.0794339
 Index number 4
Year 1989 Obs  =  0 0 0 0 0 0 0 0
Year 1989 Pred =  0 0 0 0 0 0 0 0
Year 1990 Obs  =  0 0 0 0 0 0 0 0
Year 1990 Pred =  0 0 0 0 0 0 0 0
Year 1991 Obs  =  0.787213 0.0999001 0.0749251 0.024975 0.012987 0 0 0
Year 1991 Pred =  0.425618 0.197422 0.226721 0.115315 0.0241086 0.00665322 0.00236659 0.00179576
Year 1992 Obs  =  0 0 0 0 0 0 0 0
Year 1992 Pred =  0 0 0 0 0 0 0 0
Year 1993 Obs  =  0 0 0 0 0 0 0 0
Year 1993 Pred =  0 0 0 0 0 0 0 0
Year 1994 Obs  =  0 0 0 0 0 0 0 0
Year 1994 Pred =  0 0 0 0 0 0 0 0
Year 1995 Obs  =  0 0.788 0.212 0 0 0 0 0
Year 1995 Pred =  0.4845 0.234519 0.197218 0.059106 0.0196776 0.00347338 0.000950904 0.000554759
Year 1996 Obs  =  0 0.657343 0.245754 0.0879121 0.00899101 0 0 0
Year 1996 Pred =  0.422161 0.271153 0.229421 0.0554081 0.0154788 0.00509211 0.000897231 0.00038883
Year 1997 Obs  =  0.723 0.109 0.151 0.017 0 0 0 0
Year 1997 Pred =  0.419518 0.234816 0.262212 0.0634694 0.0143749 0.00397495 0.00130573 0.0003297
Year 1998 Obs  =  0 0 0 0 0 0 0 0
Year 1998 Pred =  0 0 0 0 0 0 0 0
Year 1999 Obs  =  0.517 0 0.283 0.2 0 0 0 0
Year 1999 Pred =  0.437702 0.189548 0.259679 0.0808428 0.0248817 0.00560358 0.00125425 0.000488636
Year 2000 Obs  =  0.974 0 0.013 0.013 0 0 0 0
Year 2000 Pred =  0.382153 0.264826 0.22376 0.0919417 0.0267669 0.00814994 0.00183256 0.000569846
Year 2001 Obs  =  0 0.351351 0.255255 0.319319 0.0740741 0 0 0
Year 2001 Pred =  0.236492 0.266362 0.354246 0.0924939 0.0359566 0.0103687 0.00315249 0.000929071
Year 2002 Obs  =  0.903 0.039 0.058 0 0 0 0 0
Year 2002 Pred =  0.280131 0.169495 0.359911 0.138754 0.0336083 0.0129182 0.00371927 0.00146372
Year 2003 Obs  =  0 0 0 0 0 0 0 0
Year 2003 Pred =  0 0 0 0 0 0 0 0
Year 2004 Obs  =  0 0.364 0.493 0.136 0.007 0 0 0
Year 2004 Pred =  0.162718 0.150746 0.402394 0.150271 0.0901409 0.0319845 0.00763942 0.00410554
Year 2005 Obs  =  0 0 0.391391 0.565566 0.043043 0 0 0
Year 2005 Pred =  0.272421 0.128736 0.245217 0.210951 0.0756823 0.0451224 0.0159969 0.00587341
Year 2006 Obs  =  0.184184 0.103103 0.195195 0.184184 0.195195 0.0920921 0.046046 0
Year 2006 Pred =  0.449335 0.163855 0.15702 0.096533 0.0797282 0.0284088 0.0169203 0.00819976
Year 2007 Obs  =  0.302697 0.210789 0.0639361 0 0.0829171 0.100899 0.155844 0.0829171
Year 2007 Pred =  0.340007 0.293042 0.213392 0.0644247 0.0376471 0.0308227 0.0109683 0.00969655
Year 2008 Obs  =  1 0 0 0 0 0 0 0
Year 2008 Pred =  0.350083 0.188021 0.332504 0.0769286 0.0221238 0.0128238 0.0104866 0.0070293
Year 2009 Obs  =  0.169 0.062 0.292 0.462 0.015 0 0 0
Year 2009 Pred =  0.284887 0.237343 0.267747 0.153695 0.0337111 0.00955887 0.005522 0.00753628
Year 2010 Obs  =  0 0.176 0.559 0.118 0.118 0.029 0 0
Year 2010 Pred =  0.234645 0.199536 0.351614 0.127169 0.0649297 0.0133678 0.00370823 0.00503059
Year 2011 Obs  =  0.02002 0.03003 0.455455 0.323323 0.121121 0.03003 0.01001 0.01001
Year 2011 Pred =  0.301874 0.157357 0.287639 0.165782 0.053421 0.0254839 0.00512145 0.00332194
Year 2012 Obs  =  0.636 0.075 0.004 0.016 0.083 0.051 0.02 0.115
Year 2012 Pred =  0.618183 0.112707 0.127252 0.0782542 0.0422165 0.0131445 0.00619709 0.00204589
Year 2013 Obs  =  0.139 0.609 0.182 0.04 0.026 0.004 0 0
Year 2013 Pred =  0.175227 0.48736 0.192306 0.0724806 0.0410093 0.0211139 0.00646712 0.00403574
Year 2014 Obs  =  0 0.0829171 0.687313 0.118881 0.036963 0.031968 0.023976 0.017982
Year 2014 Pred =  0.0677345 0.110605 0.670254 0.0895023 0.0315751 0.0172293 0.00875909 0.00434019
Year 2015 Obs  =  0 0.07 0.269 0.57 0.06 0.018 0.009 0.004
Year 2015 Pred =  0.0937661 0.0672727 0.24003 0.495131 0.0623152 0.0212909 0.0114889 0.00870545
Year 2016 Obs  =  0.138 0.156 0.15 0.14 0.367 0.023 0.012 0.014
Year 2016 Pred =  0.278881 0.0814639 0.127026 0.153792 0.298554 0.0363762 0.0122898 0.0116166
Year 2017 Obs  =  0.0480962 0.542084 0.0350701 0.0350701 0.0561122 0.259519 0.012024 0.012024
Year 2017 Pred =  0.1455 0.273483 0.170601 0.0884542 0.09942 0.185624 0.0223144 0.0146037
Year 2018 Obs  =  0 0.12 0.528 0.202 0.057 0.018 0.075 0
Year 2018 Pred =  0.0349935 0.12851 0.513394 0.104074 0.0493641 0.0529972 0.0973915 0.0192757
Year 2019 Obs  =  0.426 0.062 0.13 0.215 0.056 0.046 0.037 0.028
Year 2019 Pred =  0.17869 0.0344971 0.263836 0.337581 0.0622267 0.0281695 0.0297682 0.0652322
 Index number 5
Year 1989 Obs  =  0 0.386473 0.193237 0.202899 0.115942 0.0531401 0.0338164 0.0144928
Year 1989 Pred =  0.0457449 0.338178 0.400834 0.130782 0.0479243 0.0285356 0.00603822 0.00196318
Year 1990 Obs  =  0.104317 0.26259 0.489209 0.0359712 0.0539568 0.0539568 0 0
Year 1990 Pred =  0.0557985 0.221762 0.536658 0.127283 0.0359334 0.0128264 0.0076064 0.0021315
Year 1991 Obs  =  0.248408 0 0 0.656051 0.0955414 0 0 0
Year 1991 Pred =  0.108402 0.272763 0.372196 0.189307 0.0395779 0.0109222 0.00388511 0.00294801
Year 1992 Obs  =  0 0.795455 0.204545 0 0 0 0 0
Year 1992 Pred =  0.0801683 0.395079 0.35369 0.107372 0.0491113 0.010074 0.002772 0.0017334
Year 1993 Obs  =  0 0.514451 0.462428 0.0231214 0 0 0 0
Year 1993 Pred =  0.0741241 0.29053 0.493394 0.0983734 0.0274897 0.0124114 0.00254114 0.00113616
Year 1994 Obs  =  0 0.4 0.50303 0.0212121 0.0727273 0.0030303 0 0
Year 1994 Pred =  0.10853 0.299415 0.404528 0.149094 0.0267874 0.00735321 0.00331104 0.000980604
Year 1995 Obs  =  0 0.537415 0.37415 0.0272109 0.0612245 0 0 0
Year 1995 Pred =  0.135799 0.356577 0.356298 0.106782 0.0355499 0.00627507 0.00171792 0.00100224
Year 1996 Obs  =  0 0.350168 0.461279 0.114478 0.0740741 0 0 0
Year 1996 Pred =  0.109089 0.380095 0.382123 0.0922874 0.0257814 0.00848138 0.00149442 0.000647632
Year 1997 Obs  =  0 0.267717 0.625984 0.0511811 0.0551181 0 0 0
Year 1997 Pred =  0.106983 0.324837 0.431003 0.104326 0.0236283 0.00653372 0.00214625 0.000541936
Year 1998 Obs  =  0 0.716814 0.274336 0.00884956 0 0 0 0
Year 1998 Pred =  0.0880349 0.33542 0.405415 0.131868 0.0299395 0.00670892 0.00185223 0.000761887
Year 1999 Obs  =  0.0645161 0.262673 0.451613 0.202765 0.0184332 0 0 0
Year 1999 Pred =  0.113144 0.265794 0.432667 0.134697 0.041457 0.00933647 0.00208979 0.000814147
Year 2000 Obs  =  0.362264 0.337736 0.207547 0.0867925 0.00566038 0 0 0
Year 2000 Pred =  0.0933406 0.350886 0.352273 0.144747 0.0421401 0.0128307 0.00288506 0.000897129
Year 2001 Obs  =  0 0.222577 0.585729 0.168264 0.0234292 0 0 0
Year 2001 Pred =  0.0484036 0.295738 0.467337 0.122022 0.0474356 0.0136788 0.00415892 0.00122567
Year 2002 Obs  =  0.204765 0.0721685 0.347721 0.28453 0.0835635 0.00725138 0 0
Year 2002 Pred =  0.0590112 0.193688 0.488688 0.188401 0.0456336 0.0175404 0.00505004 0.00198744
Year 2003 Obs  =  0 0.257554 0.161151 0.343885 0.168345 0.0690647 0 0
Year 2003 Pred =  0.0364874 0.260708 0.36309 0.228138 0.0815821 0.0195083 0.00748409 0.00300183
Year 2004 Obs  =  0 0.160051 0.50064 0.238156 0.0819462 0.0179257 0.00128041 0
Year 2004 Pred =  0.0301017 0.151278 0.479812 0.179182 0.107483 0.0381381 0.00910919 0.00489542
Year 2005 Obs  =  0 0 0.163043 0.536232 0.253623 0.0362319 0.0108696 0
Year 2005 Pred =  0.056394 0.144565 0.327195 0.281474 0.100983 0.0602072 0.0213447 0.00783693
Year 2006 Obs  =  0.147059 0.176471 0.107843 0.0980392 0.176471 0.147059 0.147059 0
Year 2006 Pred =  0.117276 0.231992 0.264155 0.162398 0.134127 0.0477922 0.028465 0.0137945
Year 2007 Obs  =  0.224 0.256 0.234667 0.214667 0.036 0.0106667 0.0146667 0.00933333
Year 2007 Pred =  0.0791654 0.370127 0.320251 0.0966863 0.0564994 0.0462576 0.0164608 0.0145522
Year 2008 Obs  =  0.324766 0.203271 0.285047 0.114486 0.0490654 0.00934579 0.00934579 0.0046729
Year 2008 Pred =  0.0805301 0.23462 0.493001 0.114061 0.0328028 0.0190137 0.0155483 0.0104223
Year 2009 Obs  =  0.107417 0.175618 0.208014 0.442455 0.056266 0.00426257 0.0059676 0
Year 2009 Pred =  0.0612409 0.276769 0.370986 0.212957 0.0467096 0.0132446 0.00765118 0.0104421
Year 2010 Obs  =  0 0.263042 0.490816 0.113152 0.0969875 0.0301249 0.00587803 0
Year 2010 Pred =  0.0472683 0.218048 0.45655 0.165122 0.0843075 0.0173573 0.00481492 0.00653193
Year 2011 Obs  =  0.0414815 0.167407 0.305185 0.296296 0.143704 0.0355556 0.00740741 0.00296296
Year 2011 Pred =  0.065044 0.183925 0.399478 0.230242 0.0741921 0.0353926 0.00711277 0.00461358
Year 2012 Obs  =  0.338883 0.0935357 0.177277 0.231636 0.111166 0.036239 0.00636631 0.00489716
Year 2012 Pred =  0.208553 0.206263 0.276711 0.170165 0.0918005 0.028583 0.0134757 0.00444883
Year 2013 Obs  =  0.0192051 0.647373 0.130968 0.0938917 0.0589491 0.0154708 0.0341424 0
Year 2013 Pred =  0.0350886 0.529407 0.248213 0.0935518 0.0529314 0.0272521 0.00834722 0.005209
Year 2014 Obs  =  0.0245799 0.111998 0.785863 0.0567977 0.0121511 0.004791 0.00312457 0.000694348
Year 2014 Pred =  0.0113575 0.100606 0.7244 0.0967325 0.0341258 0.0186211 0.00946668 0.00469081
Year 2015 Obs  =  0.000975678 0.0120566 0.124469 0.693777 0.131577 0.0272493 0.00738727 0.00250889
Year 2015 Pred =  0.0159838 0.062208 0.263733 0.544024 0.0684687 0.0233934 0.0126234 0.00956511
Year 2016 Obs  =  7.31208e-005 0.0194501 0.050234 0.130082 0.705543 0.0571073 0.0206201 0.0168909
Year 2016 Pred =  0.0575754 0.0912337 0.169035 0.204651 0.397287 0.0484059 0.0163541 0.0154582
Year 2017 Obs  =  0 0.153727 0.0631633 0.0906284 0.128385 0.518557 0.0221908 0.0233486
Year 2017 Pred =  0.0270746 0.276058 0.204618 0.106091 0.119244 0.222636 0.0267638 0.0175155
Year 2018 Obs  =  0.00303331 0.0705827 0.437088 0.23269 0.0721577 0.0251998 0.136266 0.0229831
Year 2018 Pred =  0.0057143 0.113837 0.54037 0.109542 0.0519578 0.0557818 0.102509 0.0202885
Year 2019 Obs  =  0.0279859 0.0324482 0.20725 0.566935 0.0361393 0.0284817 0.0392794 0.0614808
Year 2019 Pred =  0.0328636 0.0344168 0.312762 0.400181 0.073766 0.0333932 0.0352884 0.0773288
 Index number 7
Year 1989 Obs  =  0.0570571 0.453453 0.349349 0.0850851 0.02002 0.035035 0 0
Year 1989 Pred =  0.140357 0.572351 0.189263 0.0597163 0.0217485 0.0129374 0.0027372 0.000889914
Year 1990 Obs  =  0.211 0.435 0.252 0.083 0.015 0.003 0.001 0
Year 1990 Pred =  0.191708 0.42298 0.288494 0.066451 0.0186601 0.00665524 0.00394625 0.00110581
Year 1991 Obs  =  0.279 0.49 0.142 0.059 0.018 0.008 0.003 0.001
Year 1991 Pred =  0.302312 0.425458 0.165435 0.0820604 0.0170783 0.00470977 0.00167512 0.00127106
Year 1992 Obs  =  0.204795 0.545455 0.154845 0.04995 0.022977 0.013986 0.004995 0.002997
Year 1992 Pred =  0.209299 0.574149 0.146896 0.0437707 0.0199618 0.00409294 0.00112617 0.000704213
