Age Structured Assessment Program (ASAP) Version 3.0
Start time for run: Wed Aug 30 21:08:10 2023

obj_fun        = 7260.8

Component                Lambda          obj_fun
__Catch_Fleet_1               1          -92.84
__Catch_Fleet_2               1          -63.2005
Catch_Fleet_Total             2          -156.04
Discard_Fleet_Total           0          0
__Index_Fit_1                 1          7.21181
__Index_Fit_2                 1          -1.88897
__Index_Fit_3                 1          5.42487
__Index_Fit_4                 1          9.48898
__Index_Fit_5                 1          1.04462
__Index_Fit_6                 1          4.37913
__Index_Fit_7                 1          3.15974
__Index_Fit_8                 1          -38.4249
__Index_Fit_9                 1          4.05271
Index_Fit_Total               9          -5.55204
Catch_Age_Comps       see_below          3424.94
Discard_Age_Comps     see_below          0
Index_Age_Comps       see_below          3999.38
__Sel_Param_1                 0          0
__Sel_Param_2                 0          0
__Sel_Param_3                 0          0
__Sel_Param_4                 0          0
__Sel_Param_5                 0          0
__Sel_Param_6                 0          0
__Sel_Param_7                 0          0
__Sel_Param_8                 0          0
Sel_Params_Total              0          0
__Index_Sel_Param_1           0          0
__Index_Sel_Param_2           0          -0
__Index_Sel_Param_3           0          -0
__Index_Sel_Param_17          0          0
__Index_Sel_Param_18          0          0
__Index_Sel_Param_49          0          0
__Index_Sel_Param_50          0          0
__Index_Sel_Param_51          0          -0
__Index_Sel_Param_57          0          0
__Index_Sel_Param_58          0          -0
__Index_Sel_Param_65          0          0
__Index_Sel_Param_66          0          0
__Index_Sel_Param_67          0          -0
Index_Sel_Params_Total        0          0
q_year1_Total                 0          0
q_devs_Total                  9          0
__Fmult_year1_fleet_1         0          -0
__Fmult_year1_fleet_2         0          0
Fmult_year1_fleet_Total       0          0
Fmult_devs_fleet_Total        0          0
N_year_1                      0          0
Recruit_devs                  1          -1.93426
SR_steepness                  0          0
SR_scaler                     0          0
Fmult_Max_penalty          1000          0
F_penalty                     0          0

 Input and Estimated effective sample sizes for fleet 1
1989  30  27.7431
1990  30  61.2904
1991  30  67.5948
1992  30  40.1997
1993  30  53.5098
1994  30  71.9025
1995  30  28.0656
1996  30  13.3615
1997  30  47.1017
1998  30  19.1911
1999  30  25.7501
2000  30  24.608
2001  30  24.563
2002  30  15.8156
2003  30  145.919
2004  30  37.1949
2005  30  223.756
2006  30  48.5115
2007  30  47.4347
2008  30  33.3772
2009  30  31.1416
2010  30  18.9206
2011  30  17.7085
2012  30  77.2882
2013  30  43.1816
2014  30  13.0998
2015  30  6.73786
2016  30  13.3936
2017  30  40.4238
2018  30  19.4517
2019  30  9.16442
 Total  930  1347.4
 Input and Estimated effective sample sizes for fleet 2
1989  39  109.68
1990  39  39.2171
1991  39  82.2648
1992  39  731.062
1993  39  37.6621
1994  39  22.88
1995  39  24.4561
1996  39  48.4652
1997  39  31.0379
1998  39  133.294
1999  39  72.8503
2000  39  124.762
2001  39  16.3858
2002  39  26.14
2003  39  30.196
2004  39  222.869
2005  39  989.324
2006  39  768
2007  39  67.2647
2008  39  74.2198
2009  39  37.9684
2010  39  309.7
2011  39  60.3455
2012  39  233.764
2013  39  13.1696
2014  39  118.11
2015  39  81.5196
2016  39  318.984
2017  39  70.848
2018  39  63.6529
2019  39  60.86
 Total  1209  5020.95

 Input and Estimated effective Discard sample sizes for fleet 1
1989  0  0
1990  0  0
1991  0  0
1992  0  0
1993  0  0
1994  0  0
1995  0  0
1996  0  0
1997  0  0
1998  0  0
1999  0  0
2000  0  0
2001  0  0
2002  0  0
2003  0  0
2004  0  0
2005  0  0
2006  0  0
2007  0  0
2008  0  0
2009  0  0
2010  0  0
2011  0  0
2012  0  0
2013  0  0
2014  0  0
2015  0  0
2016  0  0
2017  0  0
2018  0  0
2019  0  0
 Total  0  0
 Input and Estimated effective Discard sample sizes for fleet 2
1989  0  0
1990  0  0
1991  0  0
1992  0  0
1993  0  0
1994  0  0
1995  0  0
1996  0  0
1997  0  0
1998  0  0
1999  0  0
2000  0  0
2001  0  0
2002  0  0
2003  0  0
2004  0  0
2005  0  0
2006  0  0
2007  0  0
2008  0  0
2009  0  0
2010  0  0
2011  0  0
2012  0  0
2013  0  0
2014  0  0
2015  0  0
2016  0  0
2017  0  0
2018  0  0
2019  0  0
 Total  0  0

Observed and predicted total fleet catch by year and standardized residual
 fleet 1 total catches
1989  486.7  486.731  -0.00125495
1990  538.7  539.26  -0.020789
1991  194.7  194.714  -0.00147898
1992  414  414.306  -0.0147963
1993  672.9  672.938  -0.00114013
1994  345.3  344.728  0.0331703
1995  200.1  199.517  0.0583523
1996  763.3  756.569  0.177249
1997  213  212.71  0.0272573
1998  404.2  402.73  0.0729158
1999  243.6  243.162  0.0360551
2000  267.6  267.112  0.0365232
2001  370.7  369.872  0.0447643
2002  380.2  380.242  -0.00220129
2003  432.6  434.183  -0.0730837
2004  715.1  720.99  -0.164148
2005  413.4  414.624  -0.0591802
2006  223.6  224.02  -0.0375913
2007  140.6  140.809  -0.0297017
2008  238.9  239.011  -0.00926656
2009  148.9  148.838  0.00832119
2010  216.2  216.306  -0.00977542
2011  285.4  285.744  -0.0240949
2012  124.4  124.449  -0.00792191
2013  290  290.931  -0.0641382
2014  231.1  231.767  -0.057686
2015  86.4  86.4568  -0.0131554
2016  119.5  119.512  -0.00194717
2017  174.2  174.251  -0.00580958
2018  113.2  113.252  -0.00919014
2019  301  301.17  -0.0113021
 fleet 2 total catches
1989  1806.9  1799.68  0.0401643
1990  1943.6  1957.94  -0.0736744
1991  2566.7  2571.54  -0.018878
1992  2184.3  2202.48  -0.0830924
1993  2539  2514.78  0.0960735
1994  1784.7  1721.13  0.363622
1995  2696.9  2381.42  1.24717
1996  3799.9  3256.8  1.54615
1997  3305.8  3023.62  0.89447
1998  1471.8  1405.23  0.464028
1999  1789.9  1671.87  0.683874
2000  2722.3  2414.4  1.20326
2001  3215.2  2993.12  0.717502
2002  3283.1  3363.77  -0.243341
2003  2947.1  3190.63  -0.795961
2004  1720.4  1839.62  -0.671694
2005  1599.5  1681.42  -0.50071
2006  1364.8  1433.45  -0.491962
2007  1362.9  1409.33  -0.335836
2008  1646.3  1643.16  0.0191692
2009  1752.6  1781.29  -0.162771
2010  1837.3  1918.34  -0.432719
2011  809.1  828.156  -0.233369
2012  1662.2  1752.49  -0.530252
2013  1247.2  1338.01  -0.704592
2014  1039.2  1088.84  -0.467768
2015  930.8  1011.84  -0.559659
2016  1068.7  1204.47  -0.485726
2017  1913.5  2421.9  -0.956942
2018  1397.7  1433.18  -0.251293
2019  1321.4  1330.56  -0.0692223
Observed and predicted total fleet Discards by year and standardized residual
 fleet 1 total Discards
1989  0  0  0
1990  0  0  0
1991  0  0  0
1992  0  0  0
1993  0  0  0
1994  0  0  0
1995  0  0  0
1996  0  0  0
1997  0  0  0
1998  0  0  0
1999  0  0  0
2000  0  0  0
2001  0  0  0
2002  0  0  0
2003  0  0  0
2004  0  0  0
2005  0  0  0
2006  0  0  0
2007  0  0  0
2008  0  0  0
2009  0  0  0
2010  0  0  0
2011  0  0  0
2012  0  0  0
2013  0  0  0
2014  0  0  0
2015  0  0  0
2016  0  0  0
2017  0  0  0
2018  0  0  0
2019  0  0  0
 fleet 2 total Discards
1989  0  0  0
1990  0  0  0
1991  0  0  0
1992  0  0  0
1993  0  0  0
1994  0  0  0
1995  0  0  0
1996  0  0  0
1997  0  0  0
1998  0  0  0
1999  0  0  0
2000  0  0  0
2001  0  0  0
2002  0  0  0
2003  0  0  0
2004  0  0  0
2005  0  0  0
2006  0  0  0
2007  0  0  0
2008  0  0  0
2009  0  0  0
2010  0  0  0
2011  0  0  0
2012  0  0  0
2013  0  0  0
2014  0  0  0
2015  0  0  0
2016  0  0  0
2017  0  0  0
2018  0  0  0
2019  0  0  0

Index data
index number 1
aggregate units = 2
proportions units = 2
month = 4
starting and ending ages for selectivity = 1  8
selectivity choice = -1
 year, obs index, pred index, standardized residual
1989  1957  2793.98  -0.563836
1990  2491  2945.05  -0.265153
1991  2847  3261.39  -0.215188
1992  4844  3481.56  0.522989
1993  4314  3197.78  0.47413
1994  668  2946.86  -2.35034
1995  1674  3460.79  -1.15011
1996  1000  3524.74  -1.99498
1997  4452  3019.98  0.614588
1998  1220  2781.87  -1.30529
1999  4242  3050.01  0.522403
2000  7643  3759.43  1.12357
2001  5326  4021.55  0.444876
2002  7108  3733.05  1.01981
2003  23343  3205.91  3.14385
2004  5607  2513.87  1.27033
2005  4946  2005.99  1.42908
2006  1104  1745.02  -0.725
2007  869  1928.04  -1.26197
2008  1494  2374.56  -0.733754
index number 2
aggregate units = 2
proportions units = 2
month = 4
starting and ending ages for selectivity = 1  1
selectivity choice = -1
 year, obs index, pred index, standardized residual
2008  0.092  0.0806999  0.340169
2009  0.09  0.0467033  1.70276
2010  0.08  0.0525634  1.09021
2011  0.033  0.0346244  -0.124723
2012  0.11  0.0830341  0.729984
2013  0.067  0.0464424  0.951268
2014  0.04  0.0370528  0.198659
2015  0.084  0.062628  0.762106
2016  0.061  0.1141  -1.62542
2018  0.018  0.0347376  -1.70654
2019  0.035  0.0855026  -2.31847
index number 3
aggregate units = 2
proportions units = 2
month = 5
starting and ending ages for selectivity = 1  8
selectivity choice = -1
 year, obs index, pred index, standardized residual
1989  2.35  2.85737  -0.352537
1990  1.14  2.81713  -1.63151
1991  1.94  3.16713  -0.883909
1992  4.21  3.52072  0.322442
1993  3.36  3.21548  0.0792843
1994  1.1  2.74198  -1.64716
1995  1.67  3.30177  -1.22925
1996  2.62  3.59358  -0.569822
1997  0.94  2.92303  -2.04594
1998  1.01  2.77735  -1.82421
1999  1.23  2.82161  -1.49734
2000  3.93  3.55844  0.179105
2001  5.61  4.21452  0.515794
2002  6.84  3.51044  1.20294
2003  9.24  3.08081  1.98074
2004  2.45  2.3809  0.0515931
2005  1.63  1.86344  -0.241376
2006  0.97  1.54327  -0.837425
2007  1.38  1.7779  -0.456882
2008  1.45  2.34758  -0.868906
2009  11.33  2.66477  2.6101
2010  1.92  2.21404  -0.25697
2011  3.51  2.07869  0.94475
2012  1.33  1.94241  -0.683031
2013  3.37  2.46289  0.565497
2014  5.57  2.21321  1.66444
2015  5.62  2.08563  1.78763
2016  1.56  2.68707  -0.980621
2017  12.22  3.75801  2.12652
2018  7.22  3.75543  1.17879
2019  4.75  3.0528  0.797247
index number 4
aggregate units = 2
proportions units = 2
month = 5
starting and ending ages for selectivity = 1  1
selectivity choice = -1
 year, obs index, pred index, standardized residual
1991  0.302  0.395162  -0.425771
1992  0.446  0.341507  0.422731
1994  0.072  0.328319  -2.40277
1995  0.431  0.414585  0.0614893
1997  0.473  0.263947  0.923764
1998  0.072  0.208409  -1.68307
1999  0.072  0.328545  -2.40386
2000  0.431  0.4395  -0.030928
2001  1.82  0.238936  3.21526
2002  0.405  0.26653  0.662565
2004  0.397  0.130977  1.75604
2005  0.091  0.101423  -0.171719
2006  0.091  0.160379  -0.897374
2007  0.091  0.239284  -1.53098
2008  0.251  0.268466  -0.106531
2009  0.091  0.155035  -0.843706
2010  0.189  0.174426  0.127071
2011  0.091  0.115273  -0.374429
2012  0.565  0.275696  1.13625
2014  0.091  0.123321  -0.481291
2015  0.223  0.208575  0.105896
2016  1.729  0.380022  2.39921
2017  0.414  0.306513  0.476027
2019  0.297  0.284852  0.0661312
index number 5
aggregate units = 2
proportions units = 2
month = 5
starting and ending ages for selectivity = 1  1
selectivity choice = -1
 year, obs index, pred index, standardized residual
1989  0.301  0.645095  -1.3747
1990  0.959  0.811578  0.301004
1991  0.912  0.911129  0.00172223
1992  0.727  0.787417  -0.143968
1993  0.126  0.519842  -2.55583
1994  0.465  0.75701  -0.878859
1995  0.902  0.955913  -0.104692
1997  0.651  0.608586  0.121495
1998  0.18  0.480531  -1.77081
1999  0.829  0.75753  0.162588
2000  1.373  1.01336  0.547734
2001  0.84  0.550918  0.760696
2002  1.222  0.614541  1.23959
2003  0.463  0.39175  0.301353
2004  0.235  0.301995  -0.452333
2005  0.056  0.233852  -2.57764
2006  0.896  0.369788  1.59602
2007  0.917  0.55172  0.916238
2008  1.415  0.619006  1.49098
2009  0.48  0.357465  0.531544
2010  0.937  0.402177  1.52529
2011  0.361  0.265787  0.552165
2012  0.756  0.635675  0.312623
2013  0.545  0.355872  0.768626
2014  0.434  0.284342  0.762591
2015  0.202  0.480914  -1.56429
2016  1.292  0.87622  0.700307
2017  0.306  0.706731  -1.50955
2018  0.219  0.266742  -0.355648
2019  0.966  0.656787  0.695752
index number 6
aggregate units = 2
proportions units = 2
month = 5
starting and ending ages for selectivity = 1  1
selectivity choice = -1
 year, obs index, pred index, standardized residual
1989  0.84  0.552999  0.753896
1990  2.36  0.695715  2.20279
1991  1.12  0.781054  0.65001
1992  1.28  0.675004  1.15398
1993  0.22  0.445628  -1.27293
1994  1.05  0.648937  0.867806
1995  1.06  0.819445  0.464186
1996  0.5  0.540937  -0.141918
1997  0.36  0.521703  -0.669046
1998  0.46  0.411929  0.199048
1999  0.57  0.649383  -0.235136
2000  0.58  0.868691  -0.728494
2001  0.74  0.472268  0.809908
2002  1.29  0.526807  1.61504
2003  0.64  0.335822  1.16298
2004  0.12  0.258881  -1.38658
2005  0.06  0.200466  -2.17543
2006  0.19  0.316996  -0.923088
2007  0.44  0.472955  -0.130252
2008  0.83  0.530635  0.806746
2009  0.41  0.306433  0.525072
2010  0.32  0.344761  -0.134408
2011  1.11  0.227843  2.85559
2012  0.65  0.544925  0.317982
2013  0.19  0.305067  -0.853917
2014  0.3  0.243749  0.374464
2015  0.15  0.412258  -1.82325
2016  0.21  0.751129  -2.29836
2017  0.54  0.605836  -0.207462
2018  0.08  0.228662  -1.89394
2019  0.6  0.563023  0.114713
index number 7
aggregate units = 2
proportions units = 2
month = 2
starting and ending ages for selectivity = 1  8
selectivity choice = -1
 year, obs index, pred index, standardized residual
1992  11379  9759.73  0.243084
1993  9256  8722.33  0.0940408
1994  1914  7866.04  -2.23814
1995  5216  9526.08  -0.953784
1996  9142  9804.99  -0.110869
1997  2592  8178.37  -1.81961
1998  8199  7164.71  0.213534
1999  2527  7872.99  -1.79957
2000  10340  10089.6  0.0388209
2001  14092  10447.2  0.473914
2002  20202  9260.97  1.23514
2003  30342  7806.94  2.14972
2004  9311  6015.51  0.691787
2005  9511  4696.63  1.11737
2006  4558  4296.68  0.0934945
2007  7436  5184.66  0.571079
index number 8
aggregate units = 2
proportions units = 2
month = 6
starting and ending ages for selectivity = 1  8
selectivity choice = -2
 year, obs index, pred index, standardized residual
1989  2.593  2.47797  0.304195
1990  2.718  2.59131  0.320007
1991  3.019  2.8876  0.298315
1992  2.987  3.08322  -0.21254
1993  1.876  2.69041  -2.41711
1994  2.088  2.55707  -1.35859
1995  3.81  3.05697  1.47624
1996  2.367  3.01372  -1.61934
1997  2.316  2.56131  -0.674922
1998  1.683  2.40167  -2.38382
1999  2.149  2.64895  -1.4022
2000  4.21  3.31312  1.60608
2001  3.723  3.5002  0.413698
2002  3.177  3.1007  0.162973
2003  3.105  2.58258  1.23502
2004  2.194  2.0282  0.52679
2005  1.622  1.58763  0.143564
2006  1.61  1.42481  0.819184
2007  2.126  1.6829  1.56688
2008  2.4  2.13962  0.769887
2009  1.971  2.22524  -0.813331
2010  1.935  1.96032  -0.0871706
2011  1.79  1.76951  0.0771988
2012  2.571  1.90352  2.01513
2013  1.524  2.05484  -2.00353
2014  2.17  1.91054  0.853673
2015  2.07  1.94731  0.409596
2016  2.925  2.61702  0.745859
2017  3.153  3.2646  -0.233182
2018  2.609  3.08675  -1.12727
2019  3.143  2.87877  0.588698
index number 9
aggregate units = 2
proportions units = 2
month = 4
starting and ending ages for selectivity = 1  8
selectivity choice = -1
 year, obs index, pred index, standardized residual
2009  2.87  4.63503  -0.75905
2010  6.9  3.9322  0.890472
2011  2.37  3.58713  -0.656328
2012  4.25  3.57392  0.274361
2013  22.5  4.2793  2.62828
2014  3.05  3.82491  -0.358508
2015  4.63  3.69505  0.357192
2016  1.01  4.86397  -2.48921
2017  3.8  6.59095  -0.872062
2018  15.63  6.35746  1.42452
2019  4.09  5.39885  -0.439664

Input effective sample sizes by index (row=index, column=year)
 15 15 15 15 15 15 15 15 15 15 15 15 15 15 15 15 15 15 15 15 0 0 0 0 0 0 0 0 0 0 0
 0 0 0 0 0 0 0 0 0 0 0 0 0 0 0 0 0 0 0 0 0 0 0 0 0 0 0 0 0 0 0
 20 20 20 20 20 20 20 20 20 20 20 20 20 20 20 20 20 20 20 20 20 20 20 20 20 20 20 20 20 20 20
 0 0 0 0 0 0 0 0 0 0 0 0 0 0 0 0 0 0 0 0 0 0 0 0 0 0 0 0 0 0 0
 0 0 0 0 0 0 0 0 0 0 0 0 0 0 0 0 0 0 0 0 0 0 0 0 0 0 0 0 0 0 0
 0 0 0 0 0 0 0 0 0 0 0 0 0 0 0 0 0 0 0 0 0 0 0 0 0 0 0 0 0 0 0
 0 0 0 15 15 15 15 15 15 15 15 15 15 15 15 15 15 15 15 0 0 0 0 0 0 0 0 0 0 0 0
 50 50 50 50 50 50 50 50 50 50 50 50 50 50 50 50 50 50 50 50 50 50 50 50 50 50 50 50 50 50 50
 0 0 0 0 0 0 0 0 0 0 0 0 0 0 0 0 0 0 0 0 20 20 20 20 20 20 20 20 20 20 20
Estimated effective sample sizes by index (row=index, column=year)
 12.1368 16.2214 3.06537 20.0448 6.77143 5.34195 21.1219 13.3557 5.21161 4.21296 12.2582 1.36925 7.99638 36.0241 16.6578 40.6531 7.89415 11.7698 28.9326 6.33247 0 0 0 0 0 0 0 0 0 0 0
 0 0 0 0 0 0 0 0 0 0 0 0 0 0 0 0 0 0 0 0 0 0 0 0 0 0 0 0 0 0 0
 7.39328 20.0582 9.15877 15.3292 19.2544 5.22724 10.0086 36.3207 53.4941 24.6267 20.4351 110.279 17.8465 8.27465 23.5512 32.6481 14.7242 41.3455 22.4073 13.9029 13.7749 7.29188 10.688 2.6365 22.2115 40.7093 26.8048 8.66952 17.8733 111.689 126.335
 0 0 0 0 0 0 0 0 0 0 0 0 0 0 0 0 0 0 0 0 0 0 0 0 0 0 0 0 0 0 0
 0 0 0 0 0 0 0 0 0 0 0 0 0 0 0 0 0 0 0 0 0 0 0 0 0 0 0 0 0 0 0
 0 0 0 0 0 0 0 0 0 0 0 0 0 0 0 0 0 0 0 0 0 0 0 0 0 0 0 0 0 0 0
 0 0 0 11.6751 18.8904 6.21562 8.44886 36.2766 45.0617 15.2083 47.5022 5.81967 38.1941 22.868 26.6257 24.9848 16.0589 33.3913 3.15113 0 0 0 0 0 0 0 0 0 0 0 0
 60.7243 12.5279 17.316 176.781 607.477 29.1822 257.573 45.6391 130.28 89.7019 23.531 70.512 13.787 10.9058 24.5984 132.54 50.0384 69.5774 443.811 26.3242 33.0371 690.294 17.7179 457.62 5.92019 57.3863 65.3143 125.899 147.866 312.314 22.6192
 0 0 0 0 0 0 0 0 0 0 0 0 0 0 0 0 0 0 0 0 101.534 18.0427 17.331 11.7269 84.0741 25.6433 20.5055 19.571 93.425 73.3159 9.98079

Index proportions at age by index
 Index number 1
Year 1989 Obs  =  0.0830831 0.668669 0.159159 0.043043 0 0.014014 0 0.032032
Year 1989 Pred =  0.220796 0.485156 0.186712 0.0768843 0.0172752 0.00690422 0.00065156 0.00562066
Year 1990 Obs  =  0.427 0.239 0.273 0.038 0.023 0 0 0
Year 1990 Pred =  0.263534 0.366702 0.274385 0.0701783 0.0182269 0.00396721 0.00157642 0.00143046
Year 1991 Obs  =  0.678322 0.220779 0.0589411 0.036963 0.004995 0 0 0
Year 1991 Pred =  0.267343 0.416997 0.197287 0.0972773 0.0156603 0.00393855 0.000852267 0.000645254
Year 1992 Obs  =  0.188811 0.352647 0.397602 0.048951 0.003996 0 0 0.00799201
Year 1992 Pred =  0.216168 0.441026 0.239537 0.0754482 0.0230202 0.00357071 0.00089196 0.000338712
Year 1993 Obs  =  0.004004 0.684685 0.278278 0.029029 0.004004 0 0 0
Year 1993 Pred =  0.15552 0.411809 0.292873 0.109865 0.0220486 0.0065292 0.00100727 0.000346821
Year 1994 Obs  =  0.025025 0.155155 0.526527 0.227227 0.042042 0.018018 0 0.00600601
Year 1994 Pred =  0.245196 0.303672 0.280472 0.131575 0.0309434 0.0060066 0.00176801 0.000366265
Year 1995 Obs  =  0.21021 0.501502 0.261261 0.027027 0 0 0 0
Year 1995 Pred =  0.263783 0.382347 0.179678 0.124517 0.0385012 0.00885461 0.00171186 0.000607818
Year 1996 Obs  =  0.144855 0.265734 0.341658 0.133866 0.0659341 0.047952 0 0
Year 1996 Pred =  0.171305 0.455914 0.239397 0.0821632 0.0369002 0.0111117 0.00254321 0.000665671
Year 1997 Obs  =  0.016983 0.669331 0.246753 0.0569431 0.00899101 0.000999001 0 0
Year 1997 Pred =  0.192778 0.350309 0.314322 0.10632 0.0226613 0.00982351 0.0029392 0.000847812
Year 1998 Obs  =  0 0.747253 0.15984 0.0829171 0 0.00699301 0 0.002997
Year 1998 Pred =  0.16474 0.383599 0.255388 0.154206 0.0317698 0.00645854 0.00277196 0.00106643
Year 1999 Obs  =  0.4 0.103 0.29 0.177 0.016 0.014 0 0
Year 1999 Pred =  0.236781 0.284435 0.270983 0.142018 0.0529437 0.00980755 0.0019103 0.00112107
Year 2000 Obs  =  0.892893 0.025025 0.043043 0.036036 0.003003 0 0 0
Year 2000 Pred =  0.257154 0.361706 0.177829 0.13664 0.0464601 0.0163389 0.00296283 0.0009101
Year 2001 Obs  =  0.046 0.717 0.212 0.025 0 0 0 0
Year 2001 Pred =  0.130697 0.449552 0.25331 0.0970259 0.0476421 0.0152716 0.00526231 0.00124035
Year 2002 Obs  =  0.223776 0.154845 0.383616 0.215784 0.015984 0 0.001998 0.003996
Year 2002 Pred =  0.157095 0.262389 0.359769 0.157163 0.0382019 0.0175595 0.00549737 0.00232549
Year 2003 Obs  =  0.009 0.486 0.301 0.157 0.043 0.003 0.001 0
Year 2003 Pred =  0.116645 0.338824 0.222816 0.233301 0.0642944 0.0146343 0.00657439 0.00291012
Year 2004 Obs  =  0 0.299 0.352 0.153 0.165 0.025 0 0.006
Year 2004 Pred =  0.114585 0.277513 0.317378 0.155672 0.100127 0.0254652 0.00563629 0.00362427
Year 2005 Obs  =  0.043043 0.175175 0.13013 0.482482 0.0550551 0.114114 0 0
Year 2005 Pred =  0.111198 0.269677 0.263608 0.233189 0.0694674 0.0397535 0.0096476 0.0034591
Year 2006 Obs  =  0 0.227 0.186 0.291 0.202 0.068 0.026 0
Year 2006 Pred =  0.202173 0.239372 0.233651 0.1784 0.0991545 0.0272186 0.0150983 0.00493329
Year 2007 Obs  =  0.181 0.381 0.098 0.167 0.02 0.054 0.099 0
Year 2007 Pred =  0.273109 0.340434 0.160432 0.121621 0.0591732 0.0308799 0.00828874 0.00606181
Year 2008 Obs  =  0.515 0.21 0.188 0.043 0.021 0 0.023 0
Year 2008 Pred =  0.248736 0.412472 0.202943 0.072844 0.0349572 0.0160414 0.00821152 0.00379544
Year 2009 Obs  =  0 0 0 0 0 0 0 0
Year 2009 Pred =  0 0 0 0 0 0 0 0
Year 2010 Obs  =  0 0 0 0 0 0 0 0
Year 2010 Pred =  0 0 0 0 0 0 0 0
Year 2011 Obs  =  0 0 0 0 0 0 0 0
Year 2011 Pred =  0 0 0 0 0 0 0 0
Year 2012 Obs  =  0 0 0 0 0 0 0 0
Year 2012 Pred =  0 0 0 0 0 0 0 0
Year 2013 Obs  =  0 0 0 0 0 0 0 0
Year 2013 Pred =  0 0 0 0 0 0 0 0
Year 2014 Obs  =  0 0 0 0 0 0 0 0
Year 2014 Pred =  0 0 0 0 0 0 0 0
Year 2015 Obs  =  0 0 0 0 0 0 0 0
Year 2015 Pred =  0 0 0 0 0 0 0 0
Year 2016 Obs  =  0 0 0 0 0 0 0 0
Year 2016 Pred =  0 0 0 0 0 0 0 0
Year 2017 Obs  =  0 0 0 0 0 0 0 0
Year 2017 Pred =  0 0 0 0 0 0 0 0
Year 2018 Obs  =  0 0 0 0 0 0 0 0
Year 2018 Pred =  0 0 0 0 0 0 0 0
Year 2019 Obs  =  0 0 0 0 0 0 0 0
Year 2019 Pred =  0 0 0 0 0 0 0 0
 Index number 3
Year 1989 Obs  =  0.015 0.876 0.074 0.015 0 0.001 0 0.019
Year 1989 Pred =  0.113399 0.6475 0.16927 0.0500714 0.0112132 0.00447874 0.00042262 0.00364565
Year 1990 Obs  =  0.02 0.636 0.31 0.014 0.02 0 0 0
Year 1990 Pred =  0.144703 0.523139 0.265839 0.048842 0.0126432 0.0027502 0.00109271 0.000991521
Year 1991 Obs  =  0.0950951 0.791792 0.048048 0.044044 0.021021 0 0 0
Year 1991 Pred =  0.1445 0.586203 0.188352 0.066569 0.0106745 0.0026827 0.000580439 0.000439443
Year 1992 Obs  =  0 0.754 0.214 0.03 0.002 0 0 0
Year 1992 Pred =  0.112338 0.597562 0.221483 0.0501745 0.0152614 0.00236589 0.000590939 0.000224399
Year 1993 Obs  =  0.015015 0.499499 0.421421 0.0560561 0.00800801 0 0 0
Year 1993 Pred =  0.0812042 0.557897 0.268871 0.0723819 0.0144745 0.00428353 0.000660756 0.000227505
Year 1994 Obs  =  0.000999001 0.241758 0.513487 0.227772 0.015984 0 0 0
Year 1994 Pred =  0.138672 0.450004 0.285857 0.0967855 0.0227091 0.00440633 0.00129688 0.000268662
Year 1995 Obs  =  0.365 0.474 0.161 0 0 0 0 0
Year 1995 Pred =  0.14542 0.552038 0.17817 0.0889764 0.0274372 0.00630695 0.00121922 0.000432891
Year 1996 Obs  =  0.03 0.542 0.301 0.065 0.032 0.03 0 0
Year 1996 Pred =  0.0882007 0.608884 0.21652 0.0532982 0.0238481 0.00717653 0.00164235 0.000429866
Year 1997 Obs  =  0.036 0.446 0.362 0.108 0.029 0.013 0.003 0.003
Year 1997 Pred =  0.104578 0.494927 0.30223 0.0733429 0.0155742 0.00674667 0.00201837 0.000582185
Year 1998 Obs  =  0.002 0.506 0.215 0.226 0 0.051 0 0
Year 1998 Pred =  0.0869049 0.532963 0.245282 0.106227 0.021644 0.00438004 0.0018775 0.000722087
Year 1999 Obs  =  0.058 0.345 0.422 0.152 0.023 0 0 0
Year 1999 Pred =  0.134852 0.427167 0.282213 0.106668 0.0395355 0.00730773 0.00142254 0.000834706
Year 2000 Obs  =  0.149149 0.546547 0.233233 0.0590591 0.003003 0 0.00900901 0
Year 2000 Pred =  0.14304 0.529364 0.179833 0.0995151 0.0336431 0.0118073 0.00213992 0.00065724
Year 2001 Obs  =  0.023976 0.758242 0.191808 0.025974 0 0 0 0
Year 2001 Pred =  0.0656586 0.594124 0.231225 0.0637318 0.0310891 0.00994146 0.00342342 0.00080679
Year 2002 Obs  =  0.187187 0.584585 0.207207 0.02002 0.001001 0 0 0
Year 2002 Pred =  0.0879311 0.386064 0.365173 0.11475 0.027714 0.0127094 0.00397649 0.00168188
Year 2003 Obs  =  0.027027 0.636637 0.167167 0.118118 0.045045 0.00500501 0.001001 0
Year 2003 Pred =  0.0638699 0.487194 0.220625 0.165934 0.0453971 0.0103057 0.00462647 0.00204754
Year 2004 Obs  =  0.002997 0.533467 0.300699 0.118881 0.035964 0.00699301 0 0.000999001
Year 2004 Pred =  0.0637106 0.406226 0.320881 0.112776 0.0716789 0.0181408 0.00400966 0.00257745
Year 2005 Obs  =  0.182 0.477 0.113 0.216 0.008 0.004 0 0
Year 2005 Pred =  0.0630344 0.402424 0.271874 0.172869 0.0510716 0.0291313 0.00706345 0.00253202
Year 2006 Obs  =  0.018018 0.447447 0.25025 0.187187 0.0810811 0.014014 0.001001 0.001001
Year 2006 Pred =  0.120355 0.374868 0.252737 0.138884 0.0767011 0.021006 0.0116449 0.00380433
Year 2007 Obs  =  0.239 0.597 0.062 0.035 0.015 0.014 0.038 0
Year 2007 Pred =  0.155871 0.510524 0.165895 0.0905107 0.0437938 0.0228111 0.00611994 0.00447518
Year 2008 Obs  =  0.0540541 0.762763 0.149149 0.034034 0 0 0 0
Year 2008 Pred =  0.132443 0.577534 0.196086 0.0505835 0.0240889 0.011022 0.00563767 0.00260529
Year 2009 Obs  =  0.021 0.754 0.181 0.039 0.005 0 0 0
Year 2009 Pred =  0.0673793 0.572404 0.263628 0.0697573 0.0151267 0.00660733 0.00292854 0.00216938
Year 2010 Obs  =  0.355355 0.253253 0.34034 0.049049 0.002002 0 0 0
Year 2010 Pred =  0.0912399 0.389506 0.354141 0.129176 0.0271482 0.00510401 0.00210047 0.00158459
Year 2011 Obs  =  0.0259481 0.704591 0.132735 0.113772 0.0209581 0.00199601 0 0
Year 2011 Pred =  0.0642239 0.481393 0.226808 0.167433 0.0486742 0.00881429 0.00155598 0.00109714
Year 2012 Obs  =  0.628 0.109 0.166 0.071 0.025 0 0.001 0
Year 2012 Pred =  0.16438 0.340076 0.285533 0.114904 0.0721182 0.0187814 0.00324613 0.000961092
Year 2013 Obs  =  0.0739261 0.768232 0.0749251 0.048951 0.021978 0.00799201 0.002997 0.000999001
Year 2013 Pred =  0.0725774 0.633248 0.142834 0.0970213 0.0316141 0.0174498 0.00430868 0.000946746
Year 2014 Obs  =  0.031 0.518 0.378 0.032 0.035 0.006 0 0
Year 2014 Pred =  0.0645315 0.403723 0.395346 0.0747578 0.0417284 0.0118873 0.00619628 0.00182985
Year 2015 Obs  =  0.199 0.439 0.227 0.111 0.017 0.004 0.003 0
Year 2015 Pred =  0.11582 0.348931 0.252636 0.219336 0.0363318 0.0185034 0.00506742 0.00337468
Year 2016 Obs  =  0.269 0.644 0 0 0.087 0 0 0
Year 2016 Pred =  0.16379 0.460747 0.162297 0.106556 0.0840331 0.0131168 0.00651572 0.00294473
Year 2017 Obs  =  0.084 0.753 0.126 0.019 0.005 0.013 0 0
Year 2017 Pred =  0.0944603 0.589211 0.189841 0.0592724 0.0348211 0.0257027 0.00390384 0.00278761
Year 2018 Obs  =  0.004 0.488 0.403 0.098 0.005 0.001 0.001 0
Year 2018 Pred =  0.0356768 0.477287 0.339963 0.0952049 0.0257457 0.0138061 0.00980294 0.00251412
Year 2019 Obs  =  0.091 0.23 0.421 0.198 0.049 0.006 0.002 0.003
Year 2019 Pred =  0.108063 0.225446 0.352853 0.22716 0.0574835 0.0146093 0.00763546 0.00674966
 Index number 7
Year 1989 Obs  =  0 0 0 0 0 0 0 0
Year 1989 Pred =  0 0 0 0 0 0 0 0
Year 1990 Obs  =  0 0 0 0 0 0 0 0
Year 1990 Pred =  0 0 0 0 0 0 0 0
Year 1991 Obs  =  0 0 0 0 0 0 0 0
Year 1991 Pred =  0 0 0 0 0 0 0 0
Year 1992 Obs  =  0.13013 0.653654 0.192192 0.018018 0.00600601 0 0 0
Year 1992 Pred =  0.274093 0.465175 0.196964 0.0465077 0.0142785 0.00221728 0.000553983 0.000210376
Year 1993 Obs  =  0.041 0.473 0.345 0.099 0.037 0.005 0 0
Year 1993 Pred =  0.20304 0.451621 0.253927 0.0717253 0.0144972 0.00429857 0.0006633 0.000228394
Year 1994 Obs  =  0.19 0.129 0.446 0.189 0.044 0.002 0 0
Year 1994 Pred =  0.325621 0.332158 0.23545 0.0822272 0.0194278 0.00377442 0.00111114 0.000230193
Year 1995 Obs  =  0.169 0.632 0.154 0.043 0.002 0 0 0
Year 1995 Pred =  0.340066 0.406369 0.146983 0.0760645 0.0236475 0.00544391 0.00105265 0.000373769
Year 1996 Obs  =  0.335 0.439 0.178 0.017 0.007 0.01 0.007 0.007
Year 1996 Pred =  0.219383 0.490715 0.203972 0.052773 0.023877 0.00719977 0.00164825 0.000431437
Year 1997 Obs  =  0.146853 0.441558 0.271728 0.0979021 0.02997 0.00799201 0.001998 0.001998
Year 1997 Pred =  0.253466 0.383986 0.270058 0.068822 0.014779 0.00641537 0.00191994 0.000553829
Year 1998 Obs  =  0.0589411 0.541459 0.292707 0.0829171 0.01998 0.003996 0 0
Year 1998 Pred =  0.226371 0.429695 0.217348 0.0989252 0.0208376 0.00427488 0.00183942 0.000708096
Year 1999 Obs  =  0.411588 0.228771 0.230769 0.0929071 0.035964 0 0 0
Year 1999 Pred =  0.324382 0.316878 0.227916 0.0890549 0.0335865 0.006249 0.00121862 0.000715354
Year 2000 Obs  =  0.641359 0.243756 0.0819181 0.022977 0.00599401 0.002997 0 0.000999001
Year 2000 Pred =  0.339307 0.389853 0.145737 0.0837239 0.0287968 0.0101687 0.00184596 0.000567175
Year 2001 Obs  =  0.0999001 0.6004 0.235764 0.041958 0.00699301 0.00799201 0.00599401 0.000999001
Year 2001 Pred =  0.178176 0.500768 0.214734 0.0615967 0.0306454 0.00987091 0.00340577 0.000803003
Year 2002 Obs  =  0.368368 0.205205 0.291291 0.119119 0.011011 0.004004 0.001001 0
Year 2002 Pred =  0.224373 0.306691 0.320787 0.105023 0.0258579 0.0119406 0.00374285 0.00158376
Year 2003 Obs  =  0.163 0.533 0.11 0.118 0.068 0.002 0.006 0
Year 2003 Pred =  0.169829 0.404514 0.20366 0.16027 0.0448159 0.010255 0.00461356 0.00204286
Year 2004 Obs  =  0.0809191 0.241758 0.37962 0.115884 0.147852 0.024975 0.002997 0.00599401
Year 2004 Pred =  0.169508 0.334933 0.291504 0.107991 0.0711314 0.0182694 0.00405471 0.00260901
Year 2005 Obs  =  0.359 0.339 0.168 0.103 0.02 0.005 0.005 0.001
Year 2005 Pred =  0.168133 0.332738 0.247194 0.164128 0.0497135 0.0286348 0.00696169 0.00249715
Year 2006 Obs  =  0.202202 0.377377 0.147147 0.159159 0.0890891 0.013013 0 0.012012
Year 2006 Pred =  0.290795 0.281332 0.208969 0.119451 0.0672427 0.0185448 0.0102997 0.00336638
Year 2007 Obs  =  0.744256 0.101898 0.0619381 0.027972 0.031968 0.025974 0.001998 0.003996
Year 2007 Pred =  0.359952 0.367496 0.132238 0.0750532 0.0369223 0.0193406 0.00519649 0.00380123
Year 2008 Obs  =  0 0 0 0 0 0 0 0
Year 2008 Pred =  0 0 0 0 0 0 0 0
Year 2009 Obs  =  0 0 0 0 0 0 0 0
Year 2009 Pred =  0 0 0 0 0 0 0 0
Year 2010 Obs  =  0 0 0 0 0 0 0 0
Year 2010 Pred =  0 0 0 0 0 0 0 0
Year 2011 Obs  =  0 0 0 0 0 0 0 0
Year 2011 Pred =  0 0 0 0 0 0 0 0
Year 2012 Obs  =  0 0 0 0 0 0 0 0
Year 2012 Pred =  0 0 0 0 0 0 0 0
Year 2013 Obs  =  0 0 0 0 0 0 0 0
Year 2013 Pred =  0 0 0 0 0 0 0 0
Year 2014 Obs  =  0 0 0 0 0 0 0 0
Year 2014 Pred =  0 0 0 0 0 0 0 0
Year 2015 Obs  =  0 0 0 0 0 0 0 0
Year 2015 Pred =  0 0 0 0 0 0 0 0
Year 2016 Obs  =  0 0 0 0 0 0 0 0
Year 2016 Pred =  0 0 0 0 0 0 0 0
Year 2017 Obs  =  0 0 0 0 0 0 0 0
Year 2017 Pred =  0 0 0 0 0 0 0 0
Year 2018 Obs  =  0 0 0 0 0 0 0 0
Year 2018 Pred =  0 0 0 0 0 0 0 0
Year 2019 Obs  =  0 0 0 0 0 0 0 0
Year 2019 Pred =  0 0 0 0 0 0 0 0
 Index number 8
Year 1989 Obs  =  0.192192 0.584585 0.176176 0.04004 0.001001 0.004004 0.002002 0
Year 1989 Pred =  0.263675 0.514293 0.15792 0.0460179 0.0102712 0.0041 0.00038684 0.00333694
Year 1990 Obs  =  0.174825 0.575425 0.203796 0.032967 0.00799201 0.001998 0.000999001 0.001998
Year 1990 Pred =  0.317209 0.391673 0.233731 0.042302 0.0109138 0.00237257 0.000942569 0.00085527
Year 1991 Obs  =  0.193 0.592 0.165 0.036 0.005 0.002 0.005 0.002
Year 1991 Pred =  0.319363 0.44295 0.167136 0.0580628 0.00927392 0.00232902 0.000503852 0.000381452
Year 1992 Obs  =  0.217 0.515 0.21 0.052 0.004 0 0.001 0.001
Year 1992 Pred =  0.258806 0.47183 0.206363 0.0461079 0.013981 0.00216617 0.000541 0.000205432
Year 1993 Obs  =  0.176176 0.484484 0.252252 0.0680681 0.017017 0.002002 0 0
Year 1993 Pred =  0.195624 0.45839 0.258862 0.0685796 0.0136654 0.00404148 0.000623348 0.000214621
Year 1994 Obs  =  0.209 0.462 0.239 0.067 0.016 0.005 0.001 0.001
Year 1994 Pred =  0.300414 0.33578 0.253671 0.0850057 0.019899 0.00385945 0.00113584 0.000235298
Year 1995 Obs  =  0.305 0.444 0.184 0.048 0.013 0.004 0.001 0.001
Year 1995 Pred =  0.317145 0.414484 0.158868 0.0784008 0.0241105 0.00553949 0.00107076 0.000380177
Year 1996 Obs  =  0.108891 0.498501 0.228771 0.106893 0.02997 0.016983 0.00599401 0.003996
Year 1996 Pred =  0.211946 0.498896 0.207749 0.0502972 0.0224222 0.00674287 0.00154292 0.000403835
Year 1997 Obs  =  0.24 0.359 0.241 0.117 0.035 0.006 0.001 0.001
Year 1997 Pred =  0.240578 0.389794 0.280118 0.0668771 0.0141482 0.00612474 0.00183209 0.000528444
Year 1998 Obs  =  0.128128 0.443443 0.238238 0.14014 0.044044 0.004004 0.001001 0.001001
Year 1998 Pred =  0.203201 0.431447 0.237343 0.101101 0.0203724 0.00410398 0.00175693 0.000675509
Year 1999 Obs  =  0.141 0.407 0.271 0.11 0.035 0.034 0.001 0.001
Year 1999 Pred =  0.290543 0.31903 0.252736 0.0944747 0.0348137 0.0064209 0.00124917 0.000732871
Year 2000 Obs  =  0.236763 0.40959 0.222777 0.107892 0.011988 0.00699301 0.003996 0
Year 2000 Pred =  0.310534 0.397479 0.161338 0.0881729 0.0296379 0.0103803 0.00188028 0.000577421
Year 2001 Obs  =  0.047 0.391 0.35 0.162 0.026 0.015 0.008 0.001
Year 2001 Pred =  0.159792 0.500017 0.232415 0.0632132 0.0306342 0.00977237 0.00336301 0.00079243
Year 2002 Obs  =  0.044955 0.202797 0.476523 0.228771 0.017982 0.00899101 0.014985 0.004995
Year 2002 Pred =  0.201163 0.305191 0.344358 0.106739 0.0256145 0.0117195 0.00366451 0.0015497
Year 2003 Obs  =  0.165165 0.288288 0.344344 0.146146 0.039039 0.012012 0.00500501 0
Year 2003 Pred =  0.153913 0.405279 0.218536 0.161901 0.0439724 0.00995579 0.00446623 0.00197629
Year 2004 Obs  =  0.19 0.368 0.332 0.071 0.037 0.001 0.001 0
Year 2004 Pred =  0.1512 0.333642 0.314759 0.1087 0.068271 0.0171937 0.00379512 0.00243873
Year 2005 Obs  =  0.155844 0.421578 0.288711 0.0919081 0.027972 0.00899101 0.002997 0.001998
Year 2005 Pred =  0.149569 0.330428 0.266789 0.167206 0.0489897 0.0278531 0.00674746 0.00241823
Year 2006 Obs  =  0.284284 0.36036 0.244244 0.0630631 0.043043 0.00500501 0 0
Year 2006 Pred =  0.263485 0.283798 0.228525 0.123939 0.0680126 0.0185832 0.0102953 0.00336294
Year 2007 Obs  =  0.358641 0.366633 0.163836 0.0649351 0.01998 0.017982 0.00799201 0
Year 2007 Pred =  0.332708 0.37639 0.145831 0.0785239 0.0377844 0.0196441 0.00526766 0.00385152
Year 2008 Obs  =  0.437562 0.385614 0.155844 0.012987 0.004995 0.000999001 0.000999001 0.000999001
Year 2008 Pred =  0.293674 0.442669 0.179339 0.0455948 0.0215472 0.00983041 0.0050242 0.00232136
Year 2009 Obs  =  0.245754 0.365634 0.263736 0.0889111 0.024975 0.00699301 0.001998 0.001998
Year 2009 Pred =  0.162715 0.478953 0.264033 0.0684331 0.0146289 0.00635012 0.00280851 0.00207904
Year 2010 Obs  =  0.237237 0.299299 0.327327 0.115115 0.016016 0.003003 0 0.002002
Year 2010 Pred =  0.207734 0.307078 0.333715 0.118971 0.0246021 0.00459263 0.00188548 0.00142133
Year 2011 Obs  =  0.292292 0.265265 0.26026 0.109109 0.0620621 0.011011 0 0
Year 2011 Pred =  0.152587 0.398082 0.226196 0.164683 0.0473533 0.00853356 0.00150408 0.00106006
Year 2012 Obs  =  0.371 0.231 0.248 0.096 0.042 0.005 0.004 0.003
Year 2012 Pred =  0.33833 0.242624 0.244064 0.0963575 0.0597057 0.0154621 0.00266723 0.000789197
Year 2013 Obs  =  0.392392 0.283283 0.185185 0.0890891 0.038038 0.00700701 0.002002 0.003003
Year 2013 Pred =  0.175623 0.531819 0.143929 0.0958792 0.0307902 0.0168863 0.00416072 0.000913646
Year 2014 Obs  =  0.21978 0.355644 0.305694 0.0779221 0.032967 0.00599401 0.000999001 0.000999001
Year 2014 Pred =  0.151143 0.328985 0.388374 0.0724546 0.0400353 0.0113542 0.00590967 0.00174444
Year 2015 Obs  =  0.303 0.325 0.162 0.181 0.015 0.013 0.001 0
Year 2015 Pred =  0.250966 0.263371 0.230517 0.198344 0.032655 0.0165867 0.00453831 0.00302142
Year 2016 Obs  =  0.409409 0.334334 0.125125 0.0700701 0.0590591 0.002002 0 0
Year 2016 Pred =  0.340267 0.333456 0.142016 0.0924172 0.0724413 0.0112775 0.00559691 0.00252874
Year 2017 Obs  =  0.226 0.515 0.13 0.064 0.031 0.031 0.001 0.002
Year 2017 Pred =  0.219606 0.475803 0.18436 0.0567108 0.0329827 0.0242392 0.00367596 0.0026236
Year 2018 Obs  =  0.08 0.387 0.332 0.13 0.032 0.027 0.011 0.001
Year 2018 Pred =  0.0878148 0.409211 0.352334 0.0977801 0.0262796 0.0140546 0.0099701 0.00255622
Year 2019 Obs  =  0.346653 0.221778 0.191808 0.161838 0.0619381 0.00799201 0.000999001 0.00699301
Year 2019 Pred =  0.231925 0.168614 0.319144 0.203501 0.0511256 0.0129521 0.00676223 0.00597585
 Index number 9
Year 1989 Obs  =  0 0 0 0 0 0 0 0
Year 1989 Pred =  0 0 0 0 0 0 0 0
Year 1990 Obs  =  0 0 0 0 0 0 0 0
Year 1990 Pred =  0 0 0 0 0 0 0 0
Year 1991 Obs  =  0 0 0 0 0 0 0 0
Year 1991 Pred =  0 0 0 0 0 0 0 0
Year 1992 Obs  =  0 0 0 0 0 0 0 0
Year 1992 Pred =  0 0 0 0 0 0 0 0
Year 1993 Obs  =  0 0 0 0 0 0 0 0
Year 1993 Pred =  0 0 0 0 0 0 0 0
Year 1994 Obs  =  0 0 0 0 0 0 0 0
Year 1994 Pred =  0 0 0 0 0 0 0 0
Year 1995 Obs  =  0 0 0 0 0 0 0 0
Year 1995 Pred =  0 0 0 0 0 0 0 0
Year 1996 Obs  =  0 0 0 0 0 0 0 0
Year 1996 Pred =  0 0 0 0 0 0 0 0
Year 1997 Obs  =  0 0 0 0 0 0 0 0
Year 1997 Pred =  0 0 0 0 0 0 0 0
Year 1998 Obs  =  0 0 0 0 0 0 0 0
Year 1998 Pred =  0 0 0 0 0 0 0 0
Year 1999 Obs  =  0 0 0 0 0 0 0 0
Year 1999 Pred =  0 0 0 0 0 0 0 0
Year 2000 Obs  =  0 0 0 0 0 0 0 0
Year 2000 Pred =  0 0 0 0 0 0 0 0
Year 2001 Obs  =  0 0 0 0 0 0 0 0
Year 2001 Pred =  0 0 0 0 0 0 0 0
Year 2002 Obs  =  0 0 0 0 0 0 0 0
Year 2002 Pred =  0 0 0 0 0 0 0 0
Year 2003 Obs  =  0 0 0 0 0 0 0 0
Year 2003 Pred =  0 0 0 0 0 0 0 0
Year 2004 Obs  =  0 0 0 0 0 0 0 0
Year 2004 Pred =  0 0 0 0 0 0 0 0
Year 2005 Obs  =  0 0 0 0 0 0 0 0
Year 2005 Pred =  0 0 0 0 0 0 0 0
Year 2006 Obs  =  0 0 0 0 0 0 0 0
Year 2006 Pred =  0 0 0 0 0 0 0 0
Year 2007 Obs  =  0 0 0 0 0 0 0 0
Year 2007 Pred =  0 0 0 0 0 0 0 0
Year 2008 Obs  =  0 0 0 0 0 0 0 0
Year 2008 Pred =  0 0 0 0 0 0 0 0
Year 2009 Obs  =  0.158416 0.544554 0.207921 0.0792079 0.00990099 0 0 0
Year 2009 Pred =  0.10016 0.544249 0.258446 0.0698164 0.0153574 0.00675016 0.00299826 0.00222254
Year 2010 Obs  =  0.262626 0.242424 0.262626 0.171717 0.040404 0.010101 0 0.010101
Year 2010 Pred =  0.132876 0.363062 0.340827 0.127198 0.0271688 0.00514423 0.00212211 0.00160213
Year 2011 Obs  =  0.08 0.3 0.31 0.25 0.04 0.02 0 0
Year 2011 Pred =  0.0959477 0.457934 0.220783 0.16526 0.0485714 0.00883849 0.00156269 0.00110238
Year 2012 Obs  =  0.45 0.25 0.15 0.08 0.05 0.01 0.01 0
Year 2012 Pred =  0.230947 0.305486 0.264205 0.108371 0.0688977 0.0180434 0.00312466 0.00092571
Year 2013 Obs  =  0.04 0.62 0.17 0.13 0.03 0.01 0 0
Year 2013 Pred =  0.10788 0.601062 0.139447 0.0965835 0.0319331 0.0177395 0.00438949 0.000965122
Year 2014 Obs  =  0.05 0.53 0.35 0.03 0.04 0 0 0
Year 2014 Pred =  0.0962943 0.383753 0.384701 0.0737337 0.0415758 0.0118969 0.00621038 0.00183484
Year 2015 Obs  =  0.122449 0.183673 0.316327 0.306122 0.0510204 0.0102041 0.0102041 0
Year 2015 Pred =  0.16848 0.322939 0.238702 0.209106 0.0348493 0.0177957 0.00487807 0.00324954
Year 2016 Obs  =  0.188119 0.574257 0.138614 0 0.0594059 0.019802 0 0.019802
Year 2016 Pred =  0.233181 0.417293 0.150037 0.0993834 0.0788547 0.0123412 0.00613605 0.00277395
Year 2017 Obs  =  0.15 0.62 0.17 0.02 0.01 0.03 0 0
Year 2017 Pred =  0.13905 0.55341 0.182979 0.0579868 0.0344103 0.0255111 0.00388063 0.0027724
Year 2018 Obs  =  0.01 0.46 0.41 0.12 0 0 0 0
Year 2018 Pred =  0.0543146 0.462317 0.336197 0.0950068 0.025851 0.0138999 0.00987871 0.0025343
Year 2019 Obs  =  0.032 0.272 0.546 0.11 0.029 0 0.004 0.007
Year 2019 Pred =  0.157426 0.208868 0.333613 0.216839 0.05527 0.0140917 0.00737262 0.00651937

Index Selectivity at Age
 0.170508 0.513799 0.729229 1 1 1 1 1
 1 0 0 0 0 0 0 0
 0.124706 1 1 1 1 1 1 1
 1 0 0 0 0 0 0 0
 1 0 0 0 0 0 0 0
 1 0 0 0 0 0 0 0
 0.400401 0.963441 0.999999 1 1 1 1 1
 0.292605 0.820793 1 1 1 1 1 1
 0.19432 0.987206 1 1 1 1 1 1

Deviations section: only applicable if associated lambda > 0
Nyear1 observed, expected, standardized residual
N/A

Fleet Obs, Initial, and Stadardized Residual for Fmult
N/A

Standardized Residuals for Fmult_devs by fleet and year
N/A

Index Obs, Initial, and Standardized Residual for q_year1
N/A

Standardized Residuals for catchability deviations by index and year
 index 1 q_devs standardized residuals
1990  0
1991  0
1992  0
1993  0
1994  0
